0 1 1 11
0 1 5 11
0 1 9 11
0 1 13 12
0 1 17 12
0 1 21 12
0 1 25 12
0 1 29 12
0 1 33 12
0 1 37 12
0 1 41 12
0 1 45 12
0 1 49 12
0 1 53 12
0 1 57 13
0 1 61 12
0 1 65 13
0 1 69 13
0 1 73 13
0 1 77 13
0 1 81 13
0 1 85 13
0 1 89 13
0 1 93 13
0 1 97 14
0 1 101 15
0 1 105 14
0 1 109 14
0 1 113 14
0 1 117 14
0 1 121 14
0 1 125 15
0 2 1 11
0 2 5 11
0 2 9 11
0 2 13 11
0 2 17 12
0 2 21 12
0 2 25 12
0 2 29 12
0 2 33 13
0 2 37 13
0 2 41 13
0 2 45 13
0 2 49 14
0 2 53 14
0 2 57 14
0 2 61 14
0 2 65 16
0 2 69 16
0 2 73 16
0 2 77 16
0 2 81 16
0 2 85 17
0 2 89 16
0 2 93 16
0 2 97 17
0 2 101 17
0 2 105 17
0 2 109 17
0 2 113 18
0 2 117 18
0 2 121 18
0 2 125 18
0 3 1 11
0 3 5 11
0 3 9 12
0 3 13 12
0 3 17 12
0 3 21 12
0 3 25 13
0 3 29 13
0 3 33 14
0 3 37 14
0 3 41 14
0 3 45 16
0 3 49 16
0 3 53 16
0 3 57 17
0 3 61 16
0 3 65 17
0 3 69 17
0 3 73 17
0 3 77 19
0 3 81 18
0 3 85 18
0 3 89 20
0 3 93 20
0 3 97 20
0 3 101 21
0 3 105 21
0 3 109 21
0 3 113 21
0 3 117 21
0 3 121 22
0 3 125 22
0 4 1 12
0 4 5 12
0 4 9 12
0 4 13 12
0 4 17 13
0 4 21 14
0 4 25 14
0 4 29 15
0 4 33 16
0 4 37 16
0 4 41 17
0 4 45 17
0 4 49 17
0 4 53 17
0 4 57 18
0 4 61 19
0 4 65 20
0 4 69 20
0 4 73 21
0 4 77 21
0 4 81 21
0 4 85 21
0 4 89 22
0 4 93 22
0 4 97 24
0 4 101 24
0 4 105 24
0 4 109 25
0 4 113 25
0 4 117 25
0 4 121 26
0 4 125 26
0 5 1 12
0 5 5 12
0 5 9 12
0 5 13 13
0 5 17 14
0 5 21 15
0 5 25 15
0 5 29 16
0 5 33 17
0 5 37 17
0 5 41 17
0 5 45 18
0 5 49 19
0 5 53 20
0 5 57 20
0 5 61 21
0 5 65 21
0 5 69 22
0 5 73 22
0 5 77 24
0 5 81 24
0 5 85 25
0 5 89 25
0 5 93 26
0 5 97 26
0 5 101 26
0 5 105 28
0 5 109 29
0 5 113 29
0 5 117 30
0 5 121 30
0 5 125 31
0 6 1 12
0 6 5 12
0 6 9 12
0 6 13 13
0 6 17 15
0 6 21 15
0 6 25 16
0 6 29 17
0 6 33 17
0 6 37 17
0 6 41 19
0 6 45 20
0 6 49 21
0 6 53 21
0 6 57 21
0 6 61 22
0 6 65 24
0 6 69 24
0 6 73 25
0 6 77 25
0 6 81 26
0 6 85 26
0 6 89 28
0 6 93 29
0 6 97 29
0 6 101 30
0 6 105 30
0 6 109 31
0 6 113 32
0 6 117 32
0 6 121 33
0 6 125 33
0 7 1 12
0 7 5 12
0 7 9 12
0 7 13 14
0 7 17 15
0 7 21 16
0 7 25 17
0 7 29 17
0 7 33 18
0 7 37 20
0 7 41 20
0 7 45 21
0 7 49 22
0 7 53 22
0 7 57 24
0 7 61 24
0 7 65 26
0 7 69 26
0 7 73 26
0 7 77 29
0 7 81 29
0 7 85 30
0 7 89 31
0 7 93 31
0 7 97 32
0 7 101 33
0 7 105 33
0 7 109 34
0 7 113 36
0 7 117 37
0 7 121 37
0 7 125 38
0 8 1 12
0 8 5 12
0 8 9 13
0 8 13 15
0 8 17 16
0 8 21 17
0 8 25 17
0 8 29 18
0 8 33 20
0 8 37 21
0 8 41 21
0 8 45 22
0 8 49 24
0 8 53 24
0 8 57 25
0 8 61 25
0 8 65 28
0 8 69 28
0 8 73 29
0 8 77 30
0 8 81 31
0 8 85 31
0 8 89 32
0 8 93 33
0 8 97 35
0 8 101 35
0 8 105 36
0 8 109 37
0 8 113 40
0 8 117 40
0 8 121 41
0 8 125 41
0 9 1 12
0 9 5 12
0 9 9 13
0 9 13 15
0 9 17 16
0 9 21 17
0 9 25 19
0 9 29 20
0 9 33 21
0 9 37 21
0 9 41 22
0 9 45 24
0 9 49 25
0 9 53 26
0 9 57 28
0 9 61 28
0 9 65 30
0 9 69 30
0 9 73 32
0 9 77 32
0 9 81 33
0 9 85 34
0 9 89 36
0 9 93 37
0 9 97 38
0 9 101 40
0 9 105 41
0 9 109 41
0 9 113 42
0 9 117 43
0 9 121 44
0 9 125 45
0 10 1 12
0 10 5 12
0 10 9 14
0 10 13 16
0 10 17 17
0 10 21 17
0 10 25 19
0 10 29 21
0 10 33 21
0 10 37 22
0 10 41 25
0 10 45 25
0 10 49 26
0 10 53 28
0 10 57 28
0 10 61 30
0 10 65 31
0 10 69 32
0 10 73 33
0 10 77 35
0 10 81 36
0 10 85 36
0 10 89 37
0 10 93 40
0 10 97 41
0 10 101 42
0 10 105 43
0 10 109 44
0 10 113 44
0 10 117 51
0 10 121 52
0 10 125 53
0 11 1 12
0 11 5 12
0 11 9 15
0 11 13 16
0 11 17 17
0 11 21 19
0 11 25 21
0 11 29 21
0 11 33 22
0 11 37 25
0 11 41 26
0 11 45 26
0 11 49 28
0 11 53 30
0 11 57 30
0 11 61 32
0 11 65 33
0 11 69 33
0 11 73 36
0 11 77 37
0 11 81 38
0 11 85 41
0 11 89 42
0 11 93 42
0 11 97 44
0 11 101 45
0 11 105 52
0 11 109 52
0 11 113 53
0 11 117 55
0 11 121 56
0 11 125 57
0 12 1 12
0 12 5 12
0 12 9 15
0 12 13 16
0 12 17 17
0 12 21 19
0 12 25 21
0 12 29 22
0 12 33 24
0 12 37 25
0 12 41 26
0 12 45 28
0 12 49 29
0 12 53 30
0 12 57 31
0 12 61 32
0 12 65 35
0 12 69 36
0 12 73 37
0 12 77 40
0 12 81 41
0 12 85 41
0 12 89 43
0 12 93 44
0 12 97 51
0 12 101 52
0 12 105 52
0 12 109 54
0 12 113 55
0 12 117 56
0 12 121 58
0 12 125 59
0 13 1 12
0 13 5 13
0 13 9 15
0 13 13 17
0 13 17 18
0 13 21 21
0 13 25 22
0 13 29 22
0 13 33 25
0 13 37 26
0 13 41 28
0 13 45 30
0 13 49 30
0 13 53 32
0 13 57 33
0 13 61 35
0 13 65 37
0 13 69 40
0 13 73 41
0 13 77 42
0 13 81 43
0 13 85 45
0 13 89 52
0 13 93 52
0 13 97 53
0 13 101 56
0 13 105 56
0 13 109 59
0 13 113 59
0 13 117 60
0 13 121 64
0 13 125 65
0 14 1 12
0 14 5 13
0 14 9 15
0 14 13 17
0 14 17 19
0 14 21 21
0 14 25 22
0 14 29 25
0 14 33 26
0 14 37 28
0 14 41 29
0 14 45 30
0 14 49 32
0 14 53 33
0 14 57 35
0 14 61 36
0 14 65 40
0 14 69 42
0 14 73 42
0 14 77 43
0 14 81 45
0 14 85 52
0 14 89 52
0 14 93 54
0 14 97 56
0 14 101 58
0 14 105 59
0 14 109 59
0 14 113 64
0 14 117 64
0 14 121 65
0 14 125 66
0 15 1 12
0 15 5 14
0 15 9 16
0 15 13 17
0 15 17 19
0 15 21 21
0 15 25 22
0 15 29 25
0 15 33 26
0 15 37 29
0 15 41 30
0 15 45 32
0 15 49 33
0 15 53 36
0 15 57 37
0 15 61 40
0 15 65 41
0 15 69 43
0 15 73 44
0 15 77 52
0 15 81 53
0 15 85 53
0 15 89 56
0 15 93 57
0 15 97 59
0 15 101 60
0 15 105 64
0 15 109 65
0 15 113 67
0 15 117 67
0 15 121 71
0 15 125 72
0 16 1 13
0 16 5 14
0 16 9 16
0 16 13 17
0 16 17 21
0 16 21 22
0 16 25 24
0 16 29 25
0 16 33 28
0 16 37 29
0 16 41 31
0 16 45 32
0 16 49 35
0 16 53 36
0 16 57 39
0 16 61 40
0 16 65 42
0 16 69 44
0 16 73 51
0 16 77 52
0 16 81 53
0 16 85 55
0 16 89 57
0 16 93 58
0 16 97 62
0 16 101 63
0 16 105 64
0 16 109 65
0 16 113 69
0 16 117 70
0 16 121 71
0 16 125 72
0 17 1 12
0 17 5 14
0 17 9 16
0 17 13 17
0 17 17 21
0 17 21 22
0 17 25 25
0 17 29 26
0 17 33 29
0 17 37 31
0 17 41 32
0 17 45 33
0 17 49 37
0 17 53 40
0 17 57 41
0 17 61 43
0 17 65 45
0 17 69 52
0 17 73 53
0 17 77 56
0 17 81 56
0 17 85 59
0 17 89 60
0 17 93 64
0 17 97 65
0 17 101 67
0 17 105 68
0 17 109 71
0 17 113 73
0 17 117 74
0 17 121 78
0 17 125 79
0 18 1 12
0 18 5 14
0 18 9 17
0 18 13 18
0 18 17 21
0 18 21 22
0 18 25 26
0 18 29 28
0 18 33 30
0 18 37 31
0 18 41 33
0 18 45 36
0 18 49 37
0 18 53 40
0 18 57 42
0 18 61 43
0 18 65 51
0 18 69 53
0 18 73 55
0 18 77 56
0 18 81 58
0 18 85 60
0 18 89 63
0 18 93 65
0 18 97 66
0 18 101 70
0 18 105 71
0 18 109 72
0 18 113 73
0 18 117 77
0 18 121 78
0 18 125 79
0 19 1 12
0 19 5 14
0 19 9 17
0 19 13 19
0 19 17 22
0 19 21 25
0 19 25 26
0 19 29 29
0 19 33 30
0 19 37 32
0 19 41 35
0 19 45 37
0 19 49 40
0 19 53 42
0 19 57 43
0 19 61 51
0 19 65 53
0 19 69 55
0 19 73 57
0 19 77 59
0 19 81 63
0 19 85 65
0 19 89 66
0 19 93 68
0 19 97 71
0 19 101 72
0 19 105 74
0 19 109 78
0 19 113 80
0 19 117 80
0 19 121 81
0 19 125 90
0 20 1 12
0 20 5 15
0 20 9 17
0 20 13 21
0 20 17 22
0 20 21 25
0 20 25 26
0 20 29 29
0 20 33 31
0 20 37 33
0 20 41 35
0 20 45 39
0 20 49 40
0 20 53 42
0 20 57 44
0 20 61 51
0 20 65 54
0 20 69 56
0 20 73 58
0 20 77 62
0 20 81 64
0 20 85 65
0 20 89 66
0 20 93 70
0 20 97 71
0 20 101 73
0 20 105 76
0 20 109 77
0 20 113 78
0 20 117 87
0 20 121 88
0 20 125 89
0 21 1 12
0 21 5 15
0 21 9 17
0 21 13 21
0 21 17 22
0 21 21 25
0 21 25 28
0 21 29 30
0 21 33 32
0 21 37 35
0 21 41 37
0 21 45 40
0 21 49 43
0 21 53 45
0 21 57 52
0 21 61 54
0 21 65 56
0 21 69 59
0 21 73 60
0 21 77 64
0 21 81 66
0 21 85 68
0 21 89 71
0 21 93 73
0 21 97 74
0 21 101 78
0 21 105 79
0 21 109 81
0 21 113 90
0 21 117 91
0 21 121 92
0 21 125 97
0 22 1 12
0 22 5 15
0 22 9 17
0 22 13 21
0 22 17 22
0 22 21 26
0 22 25 29
0 22 29 30
0 22 33 33
0 22 37 35
0 22 41 39
0 22 45 41
0 22 49 43
0 22 53 51
0 22 57 52
0 22 61 54
0 22 65 58
0 22 69 59
0 22 73 63
0 22 77 65
0 22 81 67
0 22 85 71
0 22 89 72
0 22 93 73
0 22 97 77
0 22 101 79
0 22 105 87
0 22 109 88
0 22 113 90
0 22 117 94
0 22 121 96
0 22 125 98
0 23 1 12
0 23 5 15
0 23 9 17
0 23 13 21
0 23 17 25
0 23 21 26
0 23 25 29
0 23 29 32
0 23 33 34
0 23 37 37
0 23 41 40
0 23 45 43
0 23 49 45
0 23 53 52
0 23 57 55
0 23 61 57
0 23 65 60
0 23 69 64
0 23 73 66
0 23 77 68
0 23 81 71
0 23 85 73
0 23 89 75
0 23 93 78
0 23 97 80
0 23 101 89
0 23 105 90
0 23 109 92
0 23 113 97
0 23 117 99
0 23 121 101
0 23 125 105
0 24 1 12
0 24 5 15
0 24 9 17
0 24 13 21
0 24 17 25
0 24 21 26
0 24 25 30
0 24 29 32
0 24 33 35
0 24 37 37
0 24 41 40
0 24 45 42
0 24 49 51
0 24 53 52
0 24 57 54
0 24 61 57
0 24 65 62
0 24 69 64
0 24 73 65
0 24 77 69
0 24 81 71
0 24 85 72
0 24 89 76
0 24 93 78
0 24 97 86
0 24 101 88
0 24 105 89
0 24 109 94
0 24 113 97
0 24 117 98
0 24 121 103
0 24 125 104
0 25 1 12
0 25 5 15
0 25 9 19
0 25 13 22
0 25 17 25
0 25 21 28
0 25 25 30
0 25 29 33
0 25 33 36
0 25 37 40
0 25 41 43
0 25 45 45
0 25 49 52
0 25 53 55
0 25 57 58
0 25 61 60
0 25 65 65
0 25 69 67
0 25 73 71
0 25 77 73
0 25 81 74
0 25 85 78
0 25 89 80
0 25 93 88
0 25 97 91
0 25 101 92
0 25 105 97
0 25 109 100
0 25 113 104
0 25 117 105
0 25 121 108
0 25 125 113
0 26 1 12
0 26 5 16
0 26 9 19
0 26 13 22
0 26 17 26
0 26 21 29
0 26 25 31
0 26 29 34
0 26 33 37
0 26 37 41
0 26 41 43
0 26 45 51
0 26 49 52
0 26 53 55
0 26 57 58
0 26 61 62
0 26 65 65
0 26 69 70
0 26 73 71
0 26 77 73
0 26 81 77
0 26 85 78
0 26 89 87
0 26 93 89
0 26 97 90
0 26 101 95
0 26 105 98
0 26 109 102
0 26 113 104
0 26 117 106
0 26 121 110
0 26 125 112
0 27 1 12
0 27 5 16
0 27 9 19
0 27 13 22
0 27 17 26
0 27 21 29
0 27 25 32
0 27 29 35
0 27 33 37
0 27 37 42
0 27 41 44
0 27 45 52
0 27 49 55
0 27 53 58
0 27 57 63
0 27 61 64
0 27 65 67
0 27 69 71
0 27 73 73
0 27 77 78
0 27 81 79
0 27 85 81
0 27 89 90
0 27 93 92
0 27 97 96
0 27 101 99
0 27 105 104
0 27 109 105
0 27 113 107
0 27 117 112
0 27 121 114
0 27 125 119
0 28 1 12
0 28 5 17
0 28 9 19
0 28 13 22
0 28 17 26
0 28 21 30
0 28 25 32
0 28 29 35
0 28 33 40
0 28 37 42
0 28 41 44
0 28 45 52
0 28 49 55
0 28 53 58
0 28 57 63
0 28 61 64
0 28 65 69
0 28 69 71
0 28 73 73
0 28 77 77
0 28 81 78
0 28 85 88
0 28 89 89
0 28 93 94
0 28 97 97
0 28 101 101
0 28 105 103
0 28 109 104
0 28 113 110
0 28 117 111
0 28 121 116
0 28 125 117
0 29 1 12
0 29 5 16
0 29 9 21
0 29 13 22
0 29 17 27
0 29 21 30
0 29 25 33
0 29 29 37
0 29 33 41
0 29 37 43
0 29 41 52
0 29 45 55
0 29 49 58
0 29 53 63
0 29 57 65
0 29 61 67
0 29 65 72
0 29 69 74
0 29 73 78
0 29 77 80
0 29 81 89
0 29 85 91
0 29 89 96
0 29 93 99
0 29 97 101
0 29 101 106
0 29 105 107
0 29 109 113
0 29 113 114
0 29 117 119
0 29 121 120
0 29 125 131
0 30 1 12
0 30 5 16
0 30 9 21
0 30 13 25
0 30 17 27
0 30 21 30
0 30 25 34
0 30 29 37
0 30 33 41
0 30 37 44
0 30 41 52
0 30 45 56
0 30 49 58
0 30 53 63
0 30 57 65
0 30 61 69
0 30 65 72
0 30 69 76
0 30 73 78
0 30 77 87
0 30 81 89
0 30 85 91
0 30 89 96
0 30 93 99
0 30 97 104
0 30 101 105
0 30 105 111
0 30 109 112
0 30 113 118
0 30 117 118
0 30 121 129
0 30 125 129
0 31 1 13
0 31 5 17
0 31 9 21
0 31 13 25
0 31 17 29
0 31 21 32
0 31 25 36
0 31 29 41
0 31 33 42
0 31 37 45
0 31 41 53
0 31 45 56
0 31 49 60
0 31 53 65
0 31 57 67
0 31 61 71
0 31 65 75
0 31 69 78
0 31 73 81
0 31 77 90
0 31 81 92
0 31 85 97
0 31 89 100
0 31 93 104
0 31 97 107
0 31 101 112
0 31 105 114
0 31 109 119
0 31 113 120
0 31 117 130
0 31 121 132
0 31 125 139
0 32 1 12
0 32 5 16
0 32 9 21
0 32 13 24
0 32 17 28
0 32 21 32
0 32 25 35
0 32 29 39
0 32 33 42
0 32 37 51
0 32 41 53
0 32 45 57
0 32 49 61
0 32 53 64
0 32 57 68
0 32 61 70
0 32 65 75
0 32 69 77
0 32 73 86
0 32 77 88
0 32 81 93
0 32 85 96
0 32 89 101
0 32 93 102
0 32 97 108
0 32 101 110
0 32 105 115
0 32 109 115
0 32 113 127
0 32 117 126
0 32 121 134
0 32 125 135
1 1 1 12
1 1 5 12
1 1 9 12
1 1 13 12
1 1 17 12
1 1 21 12
1 1 25 12
1 1 29 13
1 1 33 13
1 1 37 13
1 1 41 13
1 1 45 13
1 1 49 13
1 1 53 13
1 1 57 13
1 1 61 13
1 1 65 15
1 1 69 15
1 1 73 15
1 1 77 15
1 1 81 15
1 1 85 15
1 1 89 15
1 1 93 15
1 1 97 16
1 1 101 16
1 1 105 16
1 1 109 16
1 1 113 16
1 1 117 16
1 1 121 17
1 1 125 17
1 2 1 12
1 2 5 12
1 2 9 12
1 2 13 12
1 2 17 13
1 2 21 13
1 2 25 13
1 2 29 13
1 2 33 14
1 2 37 15
1 2 41 15
1 2 45 15
1 2 49 16
1 2 53 16
1 2 57 16
1 2 61 17
1 2 65 18
1 2 69 18
1 2 73 18
1 2 77 19
1 2 81 19
1 2 85 19
1 2 89 19
1 2 93 19
1 2 97 20
1 2 101 20
1 2 105 20
1 2 109 20
1 2 113 22
1 2 117 22
1 2 121 22
1 2 125 22
1 3 1 12
1 3 5 12
1 3 9 12
1 3 13 13
1 3 17 13
1 3 21 13
1 3 25 15
1 3 29 15
1 3 33 16
1 3 37 16
1 3 41 17
1 3 45 18
1 3 49 18
1 3 53 19
1 3 57 19
1 3 61 20
1 3 65 20
1 3 69 20
1 3 73 21
1 3 77 22
1 3 81 22
1 3 85 22
1 3 89 24
1 3 93 25
1 3 97 25
1 3 101 25
1 3 105 25
1 3 109 26
1 3 113 26
1 3 117 27
1 3 121 27
1 3 125 28
1 4 1 12
1 4 5 12
1 4 9 13
1 4 13 13
1 4 17 15
1 4 21 15
1 4 25 16
1 4 29 16
1 4 33 18
1 4 37 18
1 4 41 19
1 4 45 19
1 4 49 20
1 4 53 20
1 4 57 21
1 4 61 22
1 4 65 24
1 4 69 24
1 4 73 24
1 4 77 25
1 4 81 26
1 4 85 26
1 4 89 26
1 4 93 27
1 4 97 29
1 4 101 30
1 4 105 30
1 4 109 31
1 4 113 32
1 4 117 31
1 4 121 32
1 4 125 32
1 5 1 12
1 5 5 13
1 5 9 13
1 5 13 14
1 5 17 15
1 5 21 16
1 5 25 17
1 5 29 18
1 5 33 19
1 5 37 19
1 5 41 20
1 5 45 22
1 5 49 22
1 5 53 24
1 5 57 24
1 5 61 25
1 5 65 26
1 5 69 26
1 5 73 27
1 5 77 30
1 5 81 30
1 5 85 31
1 5 89 32
1 5 93 32
1 5 97 33
1 5 101 34
1 5 105 36
1 5 109 36
1 5 113 36
1 5 117 38
1 5 121 39
1 5 125 39
1 6 1 12
1 6 5 12
1 6 9 13
1 6 13 15
1 6 17 16
1 6 21 17
1 6 25 19
1 6 29 19
1 6 33 20
1 6 37 21
1 6 41 22
1 6 45 24
1 6 49 25
1 6 53 25
1 6 57 26
1 6 61 27
1 6 65 30
1 6 69 30
1 6 73 31
1 6 77 33
1 6 81 32
1 6 85 33
1 6 89 36
1 6 93 36
1 6 97 38
1 6 101 38
1 6 105 39
1 6 109 40
1 6 113 42
1 6 117 42
1 6 121 43
1 6 125 45
1 7 1 12
1 7 5 13
1 7 9 13
1 7 13 15
1 7 17 17
1 7 21 18
1 7 25 20
1 7 29 20
1 7 33 22
1 7 37 24
1 7 41 25
1 7 45 25
1 7 49 27
1 7 53 27
1 7 57 30
1 7 61 31
1 7 65 32
1 7 69 33
1 7 73 33
1 7 77 36
1 7 81 36
1 7 85 39
1 7 89 39
1 7 93 41
1 7 97 42
1 7 101 43
1 7 105 43
1 7 109 44
1 7 113 48
1 7 117 47
1 7 121 50
1 7 125 50
1 8 1 12
1 8 5 13
1 8 9 14
1 8 13 16
1 8 17 18
1 8 21 19
1 8 25 19
1 8 29 21
1 8 33 23
1 8 37 24
1 8 41 25
1 8 45 25
1 8 49 28
1 8 53 29
1 8 57 30
1 8 61 31
1 8 65 35
1 8 69 35
1 8 73 36
1 8 77 37
1 8 81 38
1 8 85 39
1 8 89 40
1 8 93 41
1 8 97 43
1 8 101 45
1 8 105 46
1 8 109 46
1 8 113 49
1 8 117 49
1 8 121 51
1 8 125 51
1 9 1 12
1 9 5 13
1 9 9 15
1 9 13 16
1 9 17 19
1 9 21 20
1 9 25 22
1 9 29 24
1 9 33 25
1 9 37 26
1 9 41 27
1 9 45 30
1 9 49 30
1 9 53 32
1 9 57 34
1 9 61 36
1 9 65 38
1 9 69 39
1 9 73 41
1 9 77 47
1 9 81 43
1 9 85 44
1 9 89 48
1 9 93 49
1 9 97 51
1 9 101 52
1 9 105 53
1 9 109 56
1 9 113 56
1 9 117 58
1 9 121 60
1 9 125 61
1 10 1 12
1 10 5 13
1 10 9 15
1 10 13 18
1 10 17 20
1 10 21 20
1 10 25 22
1 10 29 25
1 10 33 26
1 10 37 27
1 10 41 30
1 10 45 33
1 10 49 33
1 10 53 35
1 10 57 37
1 10 61 38
1 10 65 41
1 10 69 41
1 10 73 43
1 10 77 46
1 10 81 48
1 10 85 49
1 10 89 49
1 10 93 53
1 10 97 55
1 10 101 56
1 10 105 57
1 10 109 58
1 10 113 60
1 10 117 67
1 10 121 70
1 10 125 70
1 11 1 12
1 11 5 13
1 11 9 16
1 11 13 19
1 11 17 20
1 11 21 22
1 11 25 24
1 11 29 26
1 11 33 27
1 11 37 30
1 11 41 32
1 11 45 33
1 11 49 36
1 11 53 38
1 11 57 39
1 11 61 42
1 11 65 43
1 11 69 44
1 11 73 48
1 11 77 49
1 11 81 50
1 11 85 54
1 11 89 57
1 11 93 56
1 11 97 62
1 11 101 61
1 11 105 69
1 11 109 71
1 11 113 72
1 11 117 73
1 11 121 81
1 11 125 77
1 12 1 12
1 12 5 13
1 12 9 16
1 12 13 18
1 12 17 20
1 12 21 22
1 12 25 25
1 12 29 26
1 12 33 30
1 12 37 31
1 12 41 32
1 12 45 35
1 12 49 37
1 12 53 38
1 12 57 39
1 12 61 43
1 12 65 45
1 12 69 47
1 12 73 49
1 12 77 51
1 12 81 53
1 12 85 53
1 12 89 56
1 12 93 58
1 12 97 66
1 12 101 67
1 12 105 69
1 12 109 71
1 12 113 73
1 12 117 74
1 12 121 78
1 12 125 78
1 13 1 12
1 13 5 14
1 13 9 16
1 13 13 19
1 13 17 21
1 13 21 24
1 13 25 26
1 13 29 28
1 13 33 31
1 13 37 33
1 13 41 36
1 13 45 37
1 13 49 39
1 13 53 43
1 13 57 43
1 13 61 47
1 13 65 49
1 13 69 53
1 13 73 55
1 13 77 57
1 13 81 58
1 13 85 60
1 13 89 70
1 13 93 70
1 13 97 71
1 13 101 74
1 13 105 74
1 13 109 79
1 13 113 82
1 13 117 82
1 13 121 86
1 13 125 88
1 14 1 12
1 14 5 14
1 14 9 17
1 14 13 20
1 14 17 22
1 14 21 25
1 14 25 27
1 14 29 32
1 14 33 32
1 14 37 35
1 14 41 37
1 14 45 39
1 14 49 41
1 14 53 43
1 14 57 46
1 14 61 49
1 14 65 52
1 14 69 54
1 14 73 54
1 14 77 58
1 14 81 60
1 14 85 69
1 14 89 70
1 14 93 73
1 14 97 77
1 14 101 77
1 14 105 79
1 14 109 80
1 14 113 86
1 14 117 85
1 14 121 88
1 14 125 91
1 15 1 12
1 15 5 15
1 15 9 18
1 15 13 20
1 15 17 22
1 15 21 25
1 15 25 28
1 15 29 31
1 15 33 33
1 15 37 37
1 15 41 39
1 15 45 42
1 15 49 43
1 15 53 46
1 15 57 49
1 15 61 53
1 15 65 56
1 15 69 59
1 15 73 60
1 15 77 69
1 15 81 70
1 15 85 72
1 15 89 76
1 15 93 78
1 15 97 81
1 15 101 83
1 15 105 85
1 15 109 87
1 15 113 91
1 15 117 92
1 15 121 98
1 15 125 99
1 16 1 12
1 16 5 14
1 16 9 18
1 16 13 20
1 16 17 23
1 16 21 26
1 16 25 29
1 16 29 31
1 16 33 33
1 16 37 36
1 16 41 38
1 16 45 40
1 16 49 43
1 16 53 45
1 16 57 48
1 16 61 51
1 16 65 55
1 16 69 55
1 16 73 63
1 16 77 66
1 16 81 68
1 16 85 70
1 16 89 73
1 16 93 74
1 16 97 78
1 16 101 81
1 16 105 82
1 16 109 83
1 16 113 89
1 16 117 89
1 16 121 92
1 16 125 94
1 17 1 12
1 17 5 15
1 17 9 19
1 17 13 20
1 17 17 25
1 17 21 27
1 17 25 31
1 17 29 33
1 17 33 37
1 17 37 39
1 17 41 42
1 17 45 44
1 17 49 49
1 17 53 53
1 17 57 54
1 17 61 59
1 17 65 61
1 17 69 68
1 17 73 72
1 17 77 74
1 17 81 78
1 17 85 80
1 17 89 83
1 17 93 86
1 17 97 89
1 17 101 92
1 17 105 94
1 17 109 98
1 17 113 101
1 17 117 102
1 17 121 105
1 17 125 110
1 18 1 13
1 18 5 15
1 18 9 19
1 18 13 22
1 18 17 25
1 18 21 28
1 18 25 32
1 18 29 35
1 18 33 39
1 18 37 41
1 18 41 43
1 18 45 47
1 18 49 48
1 18 53 53
1 18 57 54
1 18 61 59
1 18 65 67
1 18 69 71
1 18 73 73
1 18 77 80
1 18 81 79
1 18 85 81
1 18 89 87
1 18 93 87
1 18 97 90
1 18 101 95
1 18 105 96
1 18 109 101
1 18 113 100
1 18 117 107
1 18 121 107
1 18 125 110
1 19 1 12
1 19 5 15
1 19 9 19
1 19 13 22
1 19 17 27
1 19 21 31
1 19 25 33
1 19 29 36
1 19 33 39
1 19 37 42
1 19 41 47
1 19 45 49
1 19 49 53
1 19 53 57
1 19 57 59
1 19 61 68
1 19 65 72
1 19 69 74
1 19 73 82
1 19 77 81
1 19 81 85
1 19 85 88
1 19 89 91
1 19 93 92
1 19 97 99
1 19 101 100
1 19 105 105
1 19 109 107
1 19 113 112
1 19 117 112
1 19 121 116
1 19 125 127
1 20 1 12
1 20 5 16
1 20 9 19
1 20 13 24
1 20 17 26
1 20 21 30
1 20 25 32
1 20 29 37
1 20 33 40
1 20 37 43
1 20 41 45
1 20 45 51
1 20 49 53
1 20 53 55
1 20 57 57
1 20 61 67
1 20 65 70
1 20 69 74
1 20 73 77
1 20 77 81
1 20 81 84
1 20 85 86
1 20 89 89
1 20 93 94
1 20 97 96
1 20 101 99
1 20 105 103
1 20 109 104
1 20 113 106
1 20 117 116
1 20 121 120
1 20 125 121
1 21 1 13
1 21 5 16
1 21 9 20
1 21 13 24
1 21 17 27
1 21 21 31
1 21 25 36
1 21 29 39
1 21 33 47
1 21 37 46
1 21 41 49
1 21 45 53
1 21 49 56
1 21 53 61
1 21 57 69
1 21 61 73
1 21 65 74
1 21 69 82
1 21 73 83
1 21 77 88
1 21 81 91
1 21 85 94
1 21 89 98
1 21 93 102
1 21 97 102
1 21 101 108
1 21 105 111
1 21 109 113
1 21 113 125
1 21 117 127
1 21 121 129
1 21 125 134
1 22 1 12
1 22 5 17
1 22 9 20
1 22 13 25
1 22 17 28
1 22 21 33
1 22 25 36
1 22 29 39
1 22 33 43
1 22 37 47
1 22 41 52
1 22 45 54
1 22 49 58
1 22 53 68
1 22 57 70
1 22 61 76
1 22 65 78
1 22 69 81
1 22 73 85
1 22 77 88
1 22 81 91
1 22 85 96
1 22 89 101
1 22 93 99
1 22 97 110
1 22 101 110
1 22 105 119
1 22 109 122
1 22 113 125
1 22 117 129
1 22 121 135
1 22 125 137
1 23 1 12
1 23 5 16
1 23 9 20
1 23 13 25
1 23 17 30
1 23 21 33
1 23 25 38
1 23 29 42
1 23 33 44
1 23 37 50
1 23 41 54
1 23 45 59
1 23 49 61
1 23 53 70
1 23 57 74
1 23 61 79
1 23 65 82
1 23 69 88
1 23 73 91
1 23 77 92
1 23 81 101
1 23 85 102
1 23 89 101
1 23 93 110
1 23 97 113
1 23 101 124
1 23 105 126
1 23 109 127
1 23 113 134
1 23 117 143
1 23 121 142
1 23 125 146
1 24 1 12
1 24 5 16
1 24 9 20
1 24 13 24
1 24 17 29
1 24 21 33
1 24 25 37
1 24 29 40
1 24 33 45
1 24 37 46
1 24 41 52
1 24 45 55
1 24 49 64
1 24 53 66
1 24 57 69
1 24 61 74
1 24 65 79
1 24 69 81
1 24 73 85
1 24 77 90
1 24 81 92
1 24 85 93
1 24 89 101
1 24 93 102
1 24 97 111
1 24 101 114
1 24 105 117
1 24 109 123
1 24 113 127
1 24 117 128
1 24 121 134
1 24 125 136
1 25 1 12
1 25 5 17
1 25 9 22
1 25 13 26
1 25 17 31
1 25 21 36
1 25 25 39
1 25 29 43
1 25 33 48
1 25 37 54
1 25 41 56
1 25 45 61
1 25 49 70
1 25 53 75
1 25 57 79
1 25 61 82
1 25 65 88
1 25 69 92
1 25 73 98
1 25 77 100
1 25 81 103
1 25 85 109
1 25 89 111
1 25 93 123
1 25 97 126
1 25 101 128
1 25 105 134
1 25 109 139
1 25 113 145
1 25 117 146
1 25 121 153
1 25 125 158
1 26 1 12
1 26 5 18
1 26 9 22
1 26 13 26
1 26 17 31
1 26 21 36
1 26 25 40
1 26 29 43
1 26 33 48
1 26 37 53
1 26 41 58
1 26 45 66
1 26 49 70
1 26 53 78
1 26 57 78
1 26 61 84
1 26 65 88
1 26 69 95
1 26 73 96
1 26 77 101
1 26 81 106
1 26 85 110
1 26 89 120
1 26 93 122
1 26 97 124
1 26 101 131
1 26 105 133
1 26 109 142
1 26 113 146
1 26 117 147
1 26 121 153
1 26 125 159
1 27 1 12
1 27 5 18
1 27 9 22
1 27 13 27
1 27 17 33
1 27 21 37
1 27 25 42
1 27 29 47
1 27 33 50
1 27 37 56
1 27 41 60
1 27 45 69
1 27 49 73
1 27 53 79
1 27 57 85
1 27 61 89
1 27 65 92
1 27 69 100
1 27 73 102
1 27 77 115
1 27 81 111
1 27 85 114
1 27 89 124
1 27 93 127
1 27 97 134
1 27 101 138
1 27 105 145
1 27 109 149
1 27 113 151
1 27 117 158
1 27 121 162
1 27 125 166
1 28 1 12
1 28 5 19
1 28 9 22
1 28 13 26
1 28 17 32
1 28 21 37
1 28 25 41
1 28 29 48
1 28 33 51
1 28 37 55
1 28 41 59
1 28 45 68
1 28 49 74
1 28 53 77
1 28 57 81
1 28 61 86
1 28 65 91
1 28 69 94
1 28 73 95
1 28 77 103
1 28 81 108
1 28 85 118
1 28 89 121
1 28 93 126
1 28 97 133
1 28 101 136
1 28 105 139
1 28 109 141
1 28 113 151
1 28 117 150
1 28 121 158
1 28 125 161
1 29 1 13
1 29 5 18
1 29 9 24
1 29 13 28
1 29 17 33
1 29 21 39
1 29 25 43
1 29 29 49
1 29 33 54
1 29 37 60
1 29 41 71
1 29 45 73
1 29 49 79
1 29 53 84
1 29 57 90
1 29 61 92
1 29 65 99
1 29 69 103
1 29 73 107
1 29 77 113
1 29 81 124
1 29 85 128
1 29 89 133
1 29 93 138
1 29 97 141
1 29 101 149
1 29 105 151
1 29 109 158
1 29 113 159
1 29 117 171
1 29 121 173
1 29 125 183
1 30 1 13
1 30 5 19
1 30 9 24
1 30 13 30
1 30 17 34
1 30 21 39
1 30 25 45
1 30 29 49
1 30 33 54
1 30 37 60
1 30 41 70
1 30 45 75
1 30 49 79
1 30 53 84
1 30 57 88
1 30 61 96
1 30 65 99
1 30 69 106
1 30 73 107
1 30 77 119
1 30 81 123
1 30 85 126
1 30 89 135
1 30 93 139
1 30 97 145
1 30 101 147
1 30 105 153
1 30 109 157
1 30 113 165
1 30 117 167
1 30 121 182
1 30 125 180
1 31 1 13
1 31 5 19
1 31 9 25
1 31 13 31
1 31 17 36
1 31 21 41
1 31 25 47
1 31 29 53
1 31 33 55
1 31 37 62
1 31 41 72
1 31 45 77
1 31 49 81
1 31 53 90
1 31 57 91
1 31 61 98
1 31 65 108
1 31 69 110
1 31 73 114
1 31 77 125
1 31 81 127
1 31 85 135
1 31 89 138
1 31 93 147
1 31 97 148
1 31 101 158
1 31 105 159
1 31 109 167
1 31 113 171
1 31 117 181
1 31 121 185
1 31 125 195
1 32 1 12
1 32 5 18
1 32 9 24
1 32 13 30
1 32 17 34
1 32 21 41
1 32 25 44
1 32 29 49
1 32 33 52
1 32 37 63
1 32 41 67
1 32 45 73
1 32 49 78
1 32 53 82
1 32 57 86
1 32 61 91
1 32 65 101
1 32 69 102
1 32 73 110
1 32 77 115
1 32 81 119
1 32 85 124
1 32 89 130
1 32 93 133
1 32 97 138
1 32 101 142
1 32 105 149
1 32 109 151
1 32 113 165
1 32 117 165
1 32 121 177
1 32 125 179
2 1 1 10
2 1 5 11
2 1 9 11
2 1 13 11
2 1 17 11
2 1 21 11
2 1 25 11
2 1 29 11
2 1 33 12
2 1 37 12
2 1 41 12
2 1 45 12
2 1 49 12
2 1 53 12
2 1 57 12
2 1 61 12
2 1 65 12
2 1 69 12
2 1 73 12
2 1 77 12
2 1 81 12
2 1 85 13
2 1 89 12
2 1 93 12
2 1 97 13
2 1 101 13
2 1 105 13
2 1 109 13
2 1 113 14
2 1 117 13
2 1 121 13
2 1 125 13
2 2 1 11
2 2 5 11
2 2 9 11
2 2 13 11
2 2 17 11
2 2 21 12
2 2 25 12
2 2 29 12
2 2 33 12
2 2 37 12
2 2 41 12
2 2 45 12
2 2 49 13
2 2 53 13
2 2 57 13
2 2 61 13
2 2 65 15
2 2 69 15
2 2 73 15
2 2 77 15
2 2 81 15
2 2 85 15
2 2 89 15
2 2 93 15
2 2 97 15
2 2 101 15
2 2 105 15
2 2 109 15
2 2 113 16
2 2 117 16
2 2 121 16
2 2 125 16
2 3 1 11
2 3 5 11
2 3 9 11
2 3 13 11
2 3 17 11
2 3 21 12
2 3 25 12
2 3 29 12
2 3 33 13
2 3 37 13
2 3 41 13
2 3 45 15
2 3 49 15
2 3 53 15
2 3 57 15
2 3 61 15
2 3 65 15
2 3 69 15
2 3 73 15
2 3 77 17
2 3 81 16
2 3 85 16
2 3 89 18
2 3 93 18
2 3 97 18
2 3 101 18
2 3 105 18
2 3 109 18
2 3 113 18
2 3 117 18
2 3 121 18
2 3 125 19
2 4 1 11
2 4 5 11
2 4 9 11
2 4 13 11
2 4 17 12
2 4 21 12
2 4 25 13
2 4 29 13
2 4 33 15
2 4 37 15
2 4 41 15
2 4 45 17
2 4 49 15
2 4 53 15
2 4 57 16
2 4 61 16
2 4 65 18
2 4 69 18
2 4 73 18
2 4 77 18
2 4 81 18
2 4 85 18
2 4 89 18
2 4 93 18
2 4 97 20
2 4 101 20
2 4 105 21
2 4 109 21
2 4 113 21
2 4 117 21
2 4 121 21
2 4 125 21
2 5 1 11
2 5 5 11
2 5 9 11
2 5 13 12
2 5 17 12
2 5 21 13
2 5 25 13
2 5 29 15
2 5 33 15
2 5 37 15
2 5 41 15
2 5 45 16
2 5 49 16
2 5 53 18
2 5 57 18
2 5 61 18
2 5 65 18
2 5 69 19
2 5 73 18
2 5 77 21
2 5 81 21
2 5 85 21
2 5 89 21
2 5 93 21
2 5 97 21
2 5 101 21
2 5 105 23
2 5 109 24
2 5 113 24
2 5 117 25
2 5 121 24
2 5 125 25
2 6 1 11
2 6 5 11
2 6 9 11
2 6 13 12
2 6 17 13
2 6 21 13
2 6 25 15
2 6 29 15
2 6 33 15
2 6 37 15
2 6 41 17
2 6 45 18
2 6 49 18
2 6 53 18
2 6 57 18
2 6 61 18
2 6 65 20
2 6 69 21
2 6 73 21
2 6 77 21
2 6 81 21
2 6 85 22
2 6 89 23
2 6 93 23
2 6 97 24
2 6 101 25
2 6 105 24
2 6 109 26
2 6 113 26
2 6 117 26
2 6 121 27
2 6 125 27
2 7 1 11
2 7 5 11
2 7 9 12
2 7 13 12
2 7 17 13
2 7 21 15
2 7 25 15
2 7 29 15
2 7 33 16
2 7 37 18
2 7 41 18
2 7 45 18
2 7 49 18
2 7 53 18
2 7 57 20
2 7 61 20
2 7 65 22
2 7 69 21
2 7 73 21
2 7 77 24
2 7 81 24
2 7 85 24
2 7 89 25
2 7 93 25
2 7 97 26
2 7 101 26
2 7 105 27
2 7 109 27
2 7 113 29
2 7 117 29
2 7 121 29
2 7 125 30
2 8 1 11
2 8 5 11
2 8 9 12
2 8 13 13
2 8 17 15
2 8 21 15
2 8 25 15
2 8 29 16
2 8 33 18
2 8 37 18
2 8 41 18
2 8 45 18
2 8 49 20
2 8 53 20
2 8 57 21
2 8 61 21
2 8 65 23
2 8 69 23
2 8 73 24
2 8 77 25
2 8 81 25
2 8 85 26
2 8 89 26
2 8 93 27
2 8 97 28
2 8 101 29
2 8 105 29
2 8 109 29
2 8 113 32
2 8 117 32
2 8 121 33
2 8 125 33
2 9 1 11
2 9 5 11
2 9 9 12
2 9 13 13
2 9 17 15
2 9 21 15
2 9 25 16
2 9 29 18
2 9 33 18
2 9 37 19
2 9 41 18
2 9 45 20
2 9 49 20
2 9 53 21
2 9 57 23
2 9 61 23
2 9 65 24
2 9 69 24
2 9 73 25
2 9 77 26
2 9 81 27
2 9 85 27
2 9 89 29
2 9 93 30
2 9 97 30
2 9 101 32
2 9 105 32
2 9 109 33
2 9 113 33
2 9 117 34
2 9 121 34
2 9 125 35
2 10 1 12
2 10 5 11
2 10 9 12
2 10 13 14
2 10 17 15
2 10 21 15
2 10 25 16
2 10 29 18
2 10 33 18
2 10 37 19
2 10 41 20
2 10 45 21
2 10 49 21
2 10 53 23
2 10 57 24
2 10 61 24
2 10 65 25
2 10 69 26
2 10 73 26
2 10 77 29
2 10 81 29
2 10 85 30
2 10 89 30
2 10 93 32
2 10 97 33
2 10 101 33
2 10 105 34
2 10 109 35
2 10 113 35
2 10 117 42
2 10 121 42
2 10 125 43
2 11 1 11
2 11 5 11
2 11 9 13
2 11 13 14
2 11 17 15
2 11 21 17
2 11 25 18
2 11 29 18
2 11 33 18
2 11 37 21
2 11 41 21
2 11 45 21
2 11 49 23
2 11 53 24
2 11 57 24
2 11 61 25
2 11 65 27
2 11 69 27
2 11 73 29
2 11 77 29
2 11 81 30
2 11 85 33
2 11 89 33
2 11 93 33
2 11 97 34
2 11 101 35
2 11 105 42
2 11 109 42
2 11 113 43
2 11 117 44
2 11 121 44
2 11 125 45
2 12 1 11
2 12 5 11
2 12 9 13
2 12 13 14
2 12 17 15
2 12 21 16
2 12 25 18
2 12 29 19
2 12 33 20
2 12 37 21
2 12 41 21
2 12 45 23
2 12 49 24
2 12 53 24
2 12 57 25
2 12 61 26
2 12 65 28
2 12 69 29
2 12 73 29
2 12 77 32
2 12 81 33
2 12 85 33
2 12 89 34
2 12 93 35
2 12 97 42
2 12 101 42
2 12 105 42
2 12 109 44
2 12 113 45
2 12 117 45
2 12 121 47
2 12 125 47
2 13 1 11
2 13 5 12
2 13 9 13
2 13 13 15
2 13 17 15
2 13 21 18
2 13 25 18
2 13 29 18
2 13 33 21
2 13 37 21
2 13 41 23
2 13 45 24
2 13 49 24
2 13 53 25
2 13 57 26
2 13 61 28
2 13 65 29
2 13 69 32
2 13 73 32
2 13 77 33
2 13 81 34
2 13 85 35
2 13 89 42
2 13 93 42
2 13 97 42
2 13 101 44
2 13 105 44
2 13 109 46
2 13 113 47
2 13 117 47
2 13 121 50
2 13 125 51
2 14 1 11
2 14 5 13
2 14 9 14
2 14 13 15
2 14 17 16
2 14 21 18
2 14 25 18
2 14 29 21
2 14 33 21
2 14 37 23
2 14 41 24
2 14 45 24
2 14 49 25
2 14 53 27
2 14 57 28
2 14 61 30
2 14 65 32
2 14 69 33
2 14 73 33
2 14 77 34
2 14 81 35
2 14 85 42
2 14 89 42
2 14 93 44
2 14 97 44
2 14 101 47
2 14 105 47
2 14 109 48
2 14 113 50
2 14 117 51
2 14 121 52
2 14 125 52
2 15 1 11
2 15 5 12
2 15 9 15
2 15 13 15
2 15 17 17
2 15 21 18
2 15 25 19
2 15 29 21
2 15 33 21
2 15 37 23
2 15 41 24
2 15 45 25
2 15 49 26
2 15 53 28
2 15 57 29
2 15 61 31
2 15 65 33
2 15 69 34
2 15 73 35
2 15 77 42
2 15 81 42
2 15 85 43
2 15 89 44
2 15 93 44
2 15 97 48
2 15 101 48
2 15 105 50
2 15 109 51
2 15 113 52
2 15 117 52
2 15 121 55
2 15 125 56
2 16 1 11
2 16 5 13
2 16 9 15
2 16 13 15
2 16 17 18
2 16 21 18
2 16 25 21
2 16 29 21
2 16 33 23
2 16 37 24
2 16 41 25
2 16 45 26
2 16 49 28
2 16 53 29
2 16 57 32
2 16 61 32
2 16 65 34
2 16 69 35
2 16 73 42
2 16 77 43
2 16 81 43
2 16 85 45
2 16 89 46
2 16 93 47
2 16 97 50
2 16 101 50
2 16 105 51
2 16 109 52
2 16 113 55
2 16 117 55
2 16 121 56
2 16 125 57
2 17 1 11
2 17 5 12
2 17 9 15
2 17 13 15
2 17 17 18
2 17 21 19
2 17 25 21
2 17 29 22
2 17 33 24
2 17 37 24
2 17 41 26
2 17 45 27
2 17 49 29
2 17 53 32
2 17 57 32
2 17 61 33
2 17 65 35
2 17 69 42
2 17 73 42
2 17 77 44
2 17 81 44
2 17 85 47
2 17 89 47
2 17 93 50
2 17 97 51
2 17 101 52
2 17 105 52
2 17 109 55
2 17 113 56
2 17 117 58
2 17 121 60
2 17 125 61
2 18 1 11
2 18 5 13
2 18 9 15
2 18 13 16
2 18 17 18
2 18 21 19
2 18 25 22
2 18 29 23
2 18 33 24
2 18 37 26
2 18 41 28
2 18 45 28
2 18 49 30
2 18 53 32
2 18 57 33
2 18 61 34
2 18 65 43
2 18 69 43
2 18 73 44
2 18 77 45
2 18 81 47
2 18 85 47
2 18 89 50
2 18 93 51
2 18 97 53
2 18 101 55
2 18 105 55
2 18 109 57
2 18 113 57
2 18 117 60
2 18 121 61
2 18 125 62
2 19 1 12
2 19 5 12
2 19 9 15
2 19 13 16
2 19 17 18
2 19 21 21
2 19 25 22
2 19 29 23
2 19 33 25
2 19 37 26
2 19 41 28
2 19 45 29
2 19 49 32
2 19 53 33
2 19 57 34
2 19 61 41
2 19 65 43
2 19 69 44
2 19 73 45
2 19 77 47
2 19 81 50
2 19 85 50
2 19 89 51
2 19 93 52
2 19 97 55
2 19 101 56
2 19 105 57
2 19 109 60
2 19 113 60
2 19 117 62
2 19 121 62
2 19 125 69
2 20 1 11
2 20 5 14
2 20 9 15
2 20 13 18
2 20 17 19
2 20 21 21
2 20 25 22
2 20 29 24
2 20 33 26
2 20 37 27
2 20 41 29
2 20 45 32
2 20 49 32
2 20 53 34
2 20 57 35
2 20 61 42
2 20 65 44
2 20 69 44
2 20 73 47
2 20 77 50
2 20 81 50
2 20 85 52
2 20 89 52
2 20 93 55
2 20 97 57
2 20 101 57
2 20 105 60
2 20 109 61
2 20 113 62
2 20 117 69
2 20 121 70
2 20 125 71
2 21 1 11
2 21 5 13
2 21 9 15
2 21 13 18
2 21 17 19
2 21 21 21
2 21 25 24
2 21 29 24
2 21 33 26
2 21 37 28
2 21 41 30
2 21 45 32
2 21 49 33
2 21 53 35
2 21 57 42
2 21 61 43
2 21 65 44
2 21 69 47
2 21 73 48
2 21 77 50
2 21 81 52
2 21 85 52
2 21 89 55
2 21 93 56
2 21 97 57
2 21 101 60
2 21 105 61
2 21 109 62
2 21 113 69
2 21 117 70
2 21 121 71
2 21 125 75
2 22 1 11
2 22 5 13
2 22 9 15
2 22 13 18
2 22 17 19
2 22 21 21
2 22 25 24
2 22 29 25
2 22 33 26
2 22 37 29
2 22 41 32
2 22 45 33
2 22 49 34
2 22 53 42
2 22 57 42
2 22 61 44
2 22 65 47
2 22 69 47
2 22 73 50
2 22 77 52
2 22 81 52
2 22 85 55
2 22 89 56
2 22 93 57
2 22 97 60
2 22 101 61
2 22 105 68
2 22 109 70
2 22 113 71
2 22 117 74
2 22 121 75
2 22 125 77
2 23 1 11
2 23 5 14
2 23 9 15
2 23 13 18
2 23 17 21
2 23 21 22
2 23 25 24
2 23 29 26
2 23 33 27
2 23 37 29
2 23 41 32
2 23 45 33
2 23 49 35
2 23 53 42
2 23 57 44
2 23 61 44
2 23 65 47
2 23 69 50
2 23 73 52
2 23 77 53
2 23 81 55
2 23 85 57
2 23 89 57
2 23 93 60
2 23 97 61
2 23 101 69
2 23 105 69
2 23 109 71
2 23 113 74
2 23 117 76
2 23 121 77
2 23 125 80
2 24 1 11
2 24 5 14
2 24 9 16
2 24 13 18
2 24 17 21
2 24 21 22
2 24 25 24
2 24 29 26
2 24 33 28
2 24 37 29
2 24 41 32
2 24 45 34
2 24 49 42
2 24 53 42
2 24 57 44
2 24 61 47
2 24 65 50
2 24 69 51
2 24 73 52
2 24 77 55
2 24 81 56
2 24 85 57
2 24 89 60
2 24 93 61
2 24 97 69
2 24 101 70
2 24 105 71
2 24 109 75
2 24 113 77
2 24 117 78
2 24 121 81
2 24 125 82
2 25 1 11
2 25 5 14
2 25 9 16
2 25 13 18
2 25 17 21
2 25 21 23
2 25 25 25
2 25 29 26
2 25 33 29
2 25 37 32
2 25 41 33
2 25 45 34
2 25 49 42
2 25 53 43
2 25 57 46
2 25 61 47
2 25 65 50
2 25 69 52
2 25 73 55
2 25 77 56
2 25 81 57
2 25 85 60
2 25 89 61
2 25 93 69
2 25 97 70
2 25 101 71
2 25 105 74
2 25 109 76
2 25 113 80
2 25 117 81
2 25 121 82
2 25 125 85
2 26 1 12
2 26 5 15
2 26 9 17
2 26 13 19
2 26 17 22
2 26 21 24
2 26 25 26
2 26 29 27
2 26 33 30
2 26 37 32
2 26 41 34
2 26 45 41
2 26 49 42
2 26 53 44
2 26 57 47
2 26 61 49
2 26 65 52
2 26 69 54
2 26 73 55
2 26 77 57
2 26 81 60
2 26 85 61
2 26 89 69
2 26 93 69
2 26 97 71
2 26 101 74
2 26 105 77
2 26 109 80
2 26 113 81
2 26 117 82
2 26 121 85
2 26 125 86
2 27 1 11
2 27 5 15
2 27 9 17
2 27 13 18
2 27 17 22
2 27 21 24
2 27 25 26
2 27 29 28
2 27 33 30
2 27 37 33
2 27 41 35
2 27 45 42
2 27 49 43
2 27 53 46
2 27 57 49
2 27 61 50
2 27 65 52
2 27 69 55
2 27 73 57
2 27 77 60
2 27 81 61
2 27 85 62
2 27 89 69
2 27 93 70
2 27 97 75
2 27 101 77
2 27 105 80
2 27 109 81
2 27 113 82
2 27 117 86
2 27 121 86
2 27 125 90
2 28 1 12
2 28 5 15
2 28 9 17
2 28 13 18
2 28 17 22
2 28 21 24
2 28 25 26
2 28 29 29
2 28 33 32
2 28 37 33
2 28 41 35
2 28 45 42
2 28 49 44
2 28 53 46
2 28 57 50
2 28 61 51
2 28 65 55
2 28 69 56
2 28 73 57
2 28 77 60
2 28 81 62
2 28 85 69
2 28 89 70
2 28 93 74
2 28 97 77
2 28 101 80
2 28 105 81
2 28 109 82
2 28 113 86
2 28 117 87
2 28 121 91
2 28 125 90
2 29 1 11
2 29 5 15
2 29 9 18
2 29 13 19
2 29 17 22
2 29 21 24
2 29 25 27
2 29 29 29
2 29 33 32
2 29 37 34
2 29 41 42
2 29 45 43
2 29 49 46
2 29 53 49
2 29 57 50
2 29 61 51
2 29 65 55
2 29 69 57
2 29 73 60
2 29 77 61
2 29 81 69
2 29 85 71
2 29 89 74
2 29 93 76
2 29 97 77
2 29 101 80
2 29 105 81
2 29 109 85
2 29 113 86
2 29 117 90
2 29 121 91
2 29 125 100
2 30 1 11
2 30 5 15
2 30 9 18
2 30 13 21
2 30 17 22
2 30 21 25
2 30 25 27
2 30 29 30
2 30 33 33
2 30 37 34
2 30 41 42
2 30 45 43
2 30 49 46
2 30 53 50
2 30 57 51
2 30 61 54
2 30 65 56
2 30 69 60
2 30 73 61
2 30 77 68
2 30 81 70
2 30 85 71
2 30 89 74
2 30 93 77
2 30 97 81
2 30 101 81
2 30 105 85
2 30 109 86
2 30 113 90
2 30 117 90
2 30 121 100
2 30 125 99
2 31 1 11
2 31 5 15
2 31 9 18
2 31 13 21
2 31 17 24
2 31 21 26
2 31 25 29
2 31 29 32
2 31 33 33
2 31 37 35
2 31 41 42
2 31 45 44
2 31 49 47
2 31 53 51
2 31 57 52
2 31 61 54
2 31 65 57
2 31 69 60
2 31 73 61
2 31 77 69
2 31 81 70
2 31 85 74
2 31 89 76
2 31 93 80
2 31 97 81
2 31 101 85
2 31 105 86
2 31 109 90
2 31 113 90
2 31 117 99
2 31 121 99
2 31 125 105
2 32 1 11
2 32 5 15
2 32 9 18
2 32 13 21
2 32 17 24
2 32 21 26
2 32 25 29
2 32 29 32
2 32 33 34
2 32 37 41
2 32 41 44
2 32 45 46
2 32 49 50
2 32 53 51
2 32 57 54
2 32 61 55
2 32 65 60
2 32 69 61
2 32 73 69
2 32 77 70
2 32 81 74
2 32 85 76
2 32 89 80
2 32 93 81
2 32 97 85
2 32 101 86
2 32 105 90
2 32 109 90
2 32 113 99
2 32 117 99
2 32 121 105
2 32 125 106
3 1 1 12
3 1 5 13
3 1 9 13
3 1 13 13
3 1 17 13
3 1 21 13
3 1 25 13
3 1 29 13
3 1 33 14
3 1 37 14
3 1 41 13
3 1 45 14
3 1 49 14
3 1 53 14
3 1 57 14
3 1 61 14
3 1 65 14
3 1 69 14
3 1 73 14
3 1 77 14
3 1 81 14
3 1 85 15
3 1 89 15
3 1 93 14
3 1 97 15
3 1 101 15
3 1 105 15
3 1 109 15
3 1 113 15
3 1 117 15
3 1 121 16
3 1 125 16
3 2 1 13
3 2 5 13
3 2 9 13
3 2 13 13
3 2 17 14
3 2 21 13
3 2 25 14
3 2 29 14
3 2 33 14
3 2 37 14
3 2 41 14
3 2 45 14
3 2 49 15
3 2 53 15
3 2 57 15
3 2 61 16
3 2 65 17
3 2 69 17
3 2 73 17
3 2 77 17
3 2 81 17
3 2 85 17
3 2 89 17
3 2 93 17
3 2 97 17
3 2 101 17
3 2 105 17
3 2 109 17
3 2 113 18
3 2 117 19
3 2 121 19
3 2 125 19
3 3 1 13
3 3 5 13
3 3 9 13
3 3 13 13
3 3 17 14
3 3 21 14
3 3 25 15
3 3 29 15
3 3 33 15
3 3 37 15
3 3 41 15
3 3 45 17
3 3 49 17
3 3 53 17
3 3 57 17
3 3 61 17
3 3 65 17
3 3 69 17
3 3 73 17
3 3 77 18
3 3 81 18
3 3 85 19
3 3 89 20
3 3 93 20
3 3 97 20
3 3 101 20
3 3 105 20
3 3 109 21
3 3 113 21
3 3 117 21
3 3 121 21
3 3 125 21
3 4 1 13
3 4 5 13
3 4 9 13
3 4 13 14
3 4 17 14
3 4 21 14
3 4 25 15
3 4 29 15
3 4 33 17
3 4 37 17
3 4 41 17
3 4 45 17
3 4 49 17
3 4 53 17
3 4 57 18
3 4 61 18
3 4 65 20
3 4 69 20
3 4 73 20
3 4 77 20
3 4 81 21
3 4 85 21
3 4 89 21
3 4 93 21
3 4 97 23
3 4 101 23
3 4 105 23
3 4 109 23
3 4 113 24
3 4 117 24
3 4 121 24
3 4 125 24
3 5 1 13
3 5 5 13
3 5 9 14
3 5 13 14
3 5 17 14
3 5 21 15
3 5 25 15
3 5 29 17
3 5 33 17
3 5 37 17
3 5 41 17
3 5 45 18
3 5 49 19
3 5 53 20
3 5 57 20
3 5 61 20
3 5 65 21
3 5 69 21
3 5 73 21
3 5 77 23
3 5 81 23
3 5 85 23
3 5 89 23
3 5 93 24
3 5 97 24
3 5 101 24
3 5 105 26
3 5 109 26
3 5 113 26
3 5 117 27
3 5 121 27
3 5 125 27
3 6 1 13
3 6 5 13
3 6 9 13
3 6 13 15
3 6 17 15
3 6 21 16
3 6 25 17
3 6 29 17
3 6 33 17
3 6 37 17
3 6 41 18
3 6 45 20
3 6 49 20
3 6 53 20
3 6 57 20
3 6 61 21
3 6 65 23
3 6 69 23
3 6 73 23
3 6 77 24
3 6 81 24
3 6 85 24
3 6 89 26
3 6 93 26
3 6 97 27
3 6 101 28
3 6 105 27
3 6 109 28
3 6 113 29
3 6 117 29
3 6 121 29
3 6 125 30
3 7 1 13
3 7 5 13
3 7 9 13
3 7 13 15
3 7 17 15
3 7 21 17
3 7 25 17
3 7 29 17
3 7 33 18
3 7 37 20
3 7 41 21
3 7 45 20
3 7 49 21
3 7 53 21
3 7 57 23
3 7 61 23
3 7 65 24
3 7 69 24
3 7 73 24
3 7 77 26
3 7 81 26
3 7 85 27
3 7 89 27
3 7 93 28
3 7 97 29
3 7 101 29
3 7 105 30
3 7 109 30
3 7 113 31
3 7 117 32
3 7 121 32
3 7 125 33
3 8 1 13
3 8 5 13
3 8 9 14
3 8 13 15
3 8 17 17
3 8 21 17
3 8 25 17
3 8 29 18
3 8 33 20
3 8 37 20
3 8 41 21
3 8 45 21
3 8 49 23
3 8 53 23
3 8 57 23
3 8 61 23
3 8 65 26
3 8 69 26
3 8 73 27
3 8 77 27
3 8 81 28
3 8 85 28
3 8 89 29
3 8 93 29
3 8 97 31
3 8 101 32
3 8 105 32
3 8 109 33
3 8 113 35
3 8 117 35
3 8 121 35
3 8 125 36
3 9 1 13
3 9 5 13
3 9 9 14
3 9 13 15
3 9 17 17
3 9 21 17
3 9 25 19
3 9 29 20
3 9 33 20
3 9 37 20
3 9 41 21
3 9 45 23
3 9 49 23
3 9 53 23
3 9 57 25
3 9 61 26
3 9 65 27
3 9 69 27
3 9 73 28
3 9 77 28
3 9 81 29
3 9 85 29
3 9 89 31
3 9 93 32
3 9 97 32
3 9 101 35
3 9 105 35
3 9 109 36
3 9 113 36
3 9 117 37
3 9 121 38
3 9 125 38
3 10 1 13
3 10 5 13
3 10 9 15
3 10 13 17
3 10 17 17
3 10 21 17
3 10 25 18
3 10 29 20
3 10 33 20
3 10 37 21
3 10 41 23
3 10 45 23
3 10 49 24
3 10 53 26
3 10 57 26
3 10 61 27
3 10 65 28
3 10 69 28
3 10 73 30
3 10 77 31
3 10 81 31
3 10 85 32
3 10 89 32
3 10 93 35
3 10 97 36
3 10 101 36
3 10 105 37
3 10 109 38
3 10 113 39
3 10 117 45
3 10 121 45
3 10 125 46
3 11 1 13
3 11 5 13
3 11 9 15
3 11 13 17
3 11 17 17
3 11 21 18
3 11 25 20
3 11 29 20
3 11 33 21
3 11 37 23
3 11 41 24
3 11 45 24
3 11 49 26
3 11 53 27
3 11 57 27
3 11 61 28
3 11 65 29
3 11 69 30
3 11 73 31
3 11 77 32
3 11 81 32
3 11 85 35
3 11 89 36
3 11 93 36
3 11 97 37
3 11 101 39
3 11 105 45
3 11 109 45
3 11 113 46
3 11 117 47
3 11 121 48
3 11 125 48
3 12 1 13
3 12 5 13
3 12 9 15
3 12 13 17
3 12 17 17
3 12 21 18
3 12 25 20
3 12 29 21
3 12 33 23
3 12 37 23
3 12 41 24
3 12 45 26
3 12 49 27
3 12 53 27
3 12 57 28
3 12 61 29
3 12 65 31
3 12 69 32
3 12 73 32
3 12 77 35
3 12 81 36
3 12 85 36
3 12 89 37
3 12 93 38
3 12 97 45
3 12 101 45
3 12 105 46
3 12 109 47
3 12 113 48
3 12 117 48
3 12 121 51
3 12 125 51
3 13 1 13
3 13 5 14
3 13 9 15
3 13 13 17
3 13 17 18
3 13 21 20
3 13 25 21
3 13 29 21
3 13 33 23
3 13 37 24
3 13 41 26
3 13 45 27
3 13 49 27
3 13 53 28
3 13 57 29
3 13 61 31
3 13 65 32
3 13 69 35
3 13 73 35
3 13 77 36
3 13 81 37
3 13 85 38
3 13 89 45
3 13 93 45
3 13 97 46
3 13 101 47
3 13 105 48
3 13 109 51
3 13 113 51
3 13 117 52
3 13 121 54
3 13 125 55
3 14 1 14
3 14 5 14
3 14 9 16
3 14 13 17
3 14 17 19
3 14 21 21
3 14 25 21
3 14 29 23
3 14 33 24
3 14 37 26
3 14 41 26
3 14 45 27
3 14 49 28
3 14 53 29
3 14 57 31
3 14 61 32
3 14 65 35
3 14 69 36
3 14 73 36
3 14 77 37
3 14 81 38
3 14 85 45
3 14 89 46
3 14 93 47
3 14 97 48
3 14 101 50
3 14 105 51
3 14 109 52
3 14 113 54
3 14 117 54
3 14 121 56
3 14 125 56
3 15 1 14
3 15 5 14
3 15 9 17
3 15 13 17
3 15 17 19
3 15 21 21
3 15 25 21
3 15 29 24
3 15 33 24
3 15 37 26
3 15 41 27
3 15 45 29
3 15 49 30
3 15 53 31
3 15 57 32
3 15 61 35
3 15 65 36
3 15 69 37
3 15 73 38
3 15 77 45
3 15 81 45
3 15 85 46
3 15 89 47
3 15 93 48
3 15 97 51
3 15 101 51
3 15 105 54
3 15 109 55
3 15 113 57
3 15 117 57
3 15 121 59
3 15 125 60
3 16 1 15
3 16 5 15
3 16 9 17
3 16 13 17
3 16 17 21
3 16 21 21
3 16 25 23
3 16 29 24
3 16 33 26
3 16 37 27
3 16 41 28
3 16 45 29
3 16 49 31
3 16 53 32
3 16 57 35
3 16 61 35
3 16 65 37
3 16 69 38
3 16 73 45
3 16 77 45
3 16 81 47
3 16 85 48
3 16 89 50
3 16 93 51
3 16 97 54
3 16 101 55
3 16 105 56
3 16 109 56
3 16 113 59
3 16 117 60
3 16 121 61
3 16 125 62
3 17 1 13
3 17 5 15
3 17 9 17
3 17 13 18
3 17 17 21
3 17 21 21
3 17 25 24
3 17 29 24
3 17 33 26
3 17 37 27
3 17 41 29
3 17 45 29
3 17 49 32
3 17 53 34
3 17 57 35
3 17 61 37
3 17 65 38
3 17 69 45
3 17 73 46
3 17 77 47
3 17 81 48
3 17 85 51
3 17 89 51
3 17 93 54
3 17 97 55
3 17 101 56
3 17 105 56
3 17 109 59
3 17 113 60
3 17 117 61
3 17 121 64
3 17 125 65
3 18 1 13
3 18 5 15
3 18 9 17
3 18 13 19
3 18 17 21
3 18 21 22
3 18 25 24
3 18 29 26
3 18 33 27
3 18 37 28
3 18 41 30
3 18 45 31
3 18 49 32
3 18 53 35
3 18 57 36
3 18 61 37
3 18 65 45
3 18 69 46
3 18 73 47
3 18 77 48
3 18 81 52
3 18 85 51
3 18 89 54
3 18 93 55
3 18 97 56
3 18 101 59
3 18 105 60
3 18 109 61
3 18 113 62
3 18 117 64
3 18 121 66
3 18 125 66
3 19 1 13
3 19 5 15
3 19 9 17
3 19 13 19
3 19 17 21
3 19 21 23
3 19 25 24
3 19 29 26
3 19 33 27
3 19 37 28
3 19 41 31
3 19 45 32
3 19 49 35
3 19 53 36
3 19 57 37
3 19 61 44
3 19 65 46
3 19 69 47
3 19 73 49
3 19 77 51
3 19 81 54
3 19 85 54
3 19 89 55
3 19 93 57
3 19 97 59
3 19 101 59
3 19 105 61
3 19 109 64
3 19 113 65
3 19 117 66
3 19 121 67
3 19 125 74
3 20 1 13
3 20 5 15
3 20 9 17
3 20 13 20
3 20 17 21
3 20 21 23
3 20 25 24
3 20 29 27
3 20 33 29
3 20 37 30
3 20 41 31
3 20 45 35
3 20 49 36
3 20 53 37
3 20 57 38
3 20 61 45
3 20 65 47
3 20 69 48
3 20 73 51
3 20 77 54
3 20 81 54
3 20 85 56
3 20 89 56
3 20 93 59
3 20 97 61
3 20 101 61
3 20 105 64
3 20 109 65
3 20 113 66
3 20 117 74
3 20 121 74
3 20 125 76
3 21 1 13
3 21 5 16
3 21 9 17
3 21 13 20
3 21 17 21
3 21 21 23
3 21 25 26
3 21 29 27
3 21 33 29
3 21 37 31
3 21 41 32
3 21 45 35
3 21 49 37
3 21 53 37
3 21 57 45
3 21 61 46
3 21 65 49
3 21 69 51
3 21 73 51
3 21 77 54
3 21 81 56
3 21 85 57
3 21 89 59
3 21 93 60
3 21 97 61
3 21 101 65
3 21 105 66
3 21 109 67
3 21 113 74
3 21 117 76
3 21 121 76
3 21 125 80
3 22 1 13
3 22 5 16
3 22 9 17
3 22 13 20
3 22 17 22
3 22 21 24
3 22 25 26
3 22 29 27
3 22 33 29
3 22 37 31
3 22 41 34
3 22 45 36
3 22 49 37
3 22 53 44
3 22 57 45
3 22 61 47
3 22 65 50
3 22 69 51
3 22 73 54
3 22 77 56
3 22 81 56
3 22 85 59
3 22 89 61
3 22 93 61
3 22 97 65
3 22 101 66
3 22 105 73
3 22 109 74
3 22 113 75
3 22 117 80
3 22 121 80
3 22 125 82
3 23 1 13
3 23 5 16
3 23 9 17
3 23 13 21
3 23 17 23
3 23 21 24
3 23 25 27
3 23 29 29
3 23 33 29
3 23 37 32
3 23 41 35
3 23 45 36
3 23 49 37
3 23 53 45
3 23 57 46
3 23 61 48
3 23 65 51
3 23 69 54
3 23 73 55
3 23 77 57
3 23 81 59
3 23 85 61
3 23 89 61
3 23 93 65
3 23 97 66
3 23 101 73
3 23 105 74
3 23 109 75
3 23 113 80
3 23 117 82
3 23 121 83
3 23 125 86
3 24 1 13
3 24 5 15
3 24 9 17
3 24 13 20
3 24 17 23
3 24 21 24
3 24 25 27
3 24 29 29
3 24 33 31
3 24 37 32
3 24 41 35
3 24 45 37
3 24 49 45
3 24 53 45
3 24 57 47
3 24 61 50
3 24 65 54
3 24 69 55
3 24 73 56
3 24 77 59
3 24 81 60
3 24 85 61
3 24 89 65
3 24 93 65
3 24 97 74
3 24 101 74
3 24 105 76
3 24 109 80
3 24 113 82
3 24 117 83
3 24 121 86
3 24 125 87
3 25 1 13
3 25 5 15
3 25 9 18
3 25 13 21
3 25 17 24
3 25 21 26
3 25 25 27
3 25 29 30
3 25 33 31
3 25 37 35
3 25 41 36
3 25 45 37
3 25 49 45
3 25 53 47
3 25 57 50
3 25 61 51
3 25 65 54
3 25 69 56
3 25 73 59
3 25 77 61
3 25 81 61
3 25 85 65
3 25 89 66
3 25 93 73
3 25 97 74
3 25 101 76
3 25 105 80
3 25 109 82
3 25 113 85
3 25 117 86
3 25 121 87
3 25 125 91
3 26 1 13
3 26 5 17
3 26 9 18
3 26 13 21
3 26 17 24
3 26 21 26
3 26 25 28
3 26 29 30
3 26 33 32
3 26 37 36
3 26 41 36
3 26 45 45
3 26 49 45
3 26 53 47
3 26 57 51
3 26 61 54
3 26 65 55
3 26 69 58
3 26 73 59
3 26 77 61
3 26 81 64
3 26 85 66
3 26 89 73
3 26 93 74
3 26 97 75
3 26 101 79
3 26 105 82
3 26 109 85
3 26 113 86
3 26 117 87
3 26 121 91
3 26 125 92
3 27 1 14
3 27 5 17
3 27 9 18
3 27 13 21
3 27 17 24
3 27 21 26
3 27 25 28
3 27 29 31
3 27 33 32
3 27 37 36
3 27 41 38
3 27 45 45
3 27 49 46
3 27 53 50
3 27 57 53
3 27 61 55
3 27 65 56
3 27 69 59
3 27 73 61
3 27 77 64
3 27 81 65
3 27 85 66
3 27 89 74
3 27 93 75
3 27 97 79
3 27 101 82
3 27 105 85
3 27 109 86
3 27 113 87
3 27 117 91
3 27 121 93
3 27 125 96
3 28 1 13
3 28 5 17
3 28 9 19
3 28 13 21
3 28 17 24
3 28 21 27
3 28 25 29
3 28 29 31
3 28 33 35
3 28 37 37
3 28 41 38
3 28 45 45
3 28 49 47
3 28 53 50
3 28 57 53
3 28 61 55
3 28 65 59
3 28 69 60
3 28 73 61
3 28 77 65
3 28 81 66
3 28 85 74
3 28 89 75
3 28 93 79
3 28 97 82
3 28 101 85
3 28 105 86
3 28 109 87
3 28 113 92
3 28 117 93
3 28 121 96
3 28 125 96
3 29 1 13
3 29 5 17
3 29 9 20
3 29 13 21
3 29 17 24
3 29 21 27
3 29 25 30
3 29 29 32
3 29 33 35
3 29 37 37
3 29 41 45
3 29 45 47
3 29 49 50
3 29 53 53
3 29 57 54
3 29 61 56
3 29 65 59
3 29 69 61
3 29 73 64
3 29 77 65
3 29 81 73
3 29 85 75
3 29 89 80
3 29 93 81
3 29 97 83
3 29 101 86
3 29 105 87
3 29 109 91
3 29 113 93
3 29 117 97
3 29 121 97
3 29 125 106
3 30 1 14
3 30 5 17
3 30 9 20
3 30 13 23
3 30 17 24
3 30 21 28
3 30 25 30
3 30 29 33
3 30 33 37
3 30 37 38
3 30 41 45
3 30 45 47
3 30 49 50
3 30 53 53
3 30 57 55
3 30 61 58
3 30 65 61
3 30 69 64
3 30 73 66
3 30 77 73
3 30 81 74
3 30 85 76
3 30 89 80
3 30 93 82
3 30 97 86
3 30 101 87
3 30 105 91
3 30 109 92
3 30 113 96
3 30 117 96
3 30 121 106
3 30 125 106
3 31 1 14
3 31 5 17
3 31 9 20
3 31 13 23
3 31 17 26
3 31 21 29
3 31 25 31
3 31 29 35
3 31 33 36
3 31 37 38
3 31 41 45
3 31 45 48
3 31 49 51
3 31 53 54
3 31 57 55
3 31 61 58
3 31 65 61
3 31 69 64
3 31 73 66
3 31 77 74
3 31 81 75
3 31 85 80
3 31 89 82
3 31 93 86
3 31 97 87
3 31 101 91
3 31 105 92
3 31 109 96
3 31 113 97
3 31 117 106
3 31 121 106
3 31 125 112
3 32 1 13
3 32 5 17
3 32 9 20
3 32 13 23
3 32 17 26
3 32 21 29
3 32 25 31
3 32 29 35
3 32 33 37
3 32 37 45
3 32 41 46
3 32 45 50
3 32 49 53
3 32 53 55
3 32 57 58
3 32 61 59
3 32 65 64
3 32 69 66
3 32 73 73
3 32 77 75
3 32 81 79
3 32 85 82
3 32 89 85
3 32 93 86
3 32 97 91
3 32 101 92
3 32 105 95
3 32 109 96
3 32 113 106
3 32 117 105
3 32 121 112
3 32 125 112
