0 1 1 35
0 1 5 35
0 1 9 35
0 1 13 36
0 1 17 35
0 1 21 36
0 1 25 36
0 1 29 35
0 1 33 37
0 1 37 36
0 1 41 35
0 1 45 36
0 1 49 36
0 1 53 36
0 1 57 38
0 1 61 36
0 1 65 38
0 1 69 38
0 1 73 38
0 1 77 38
0 1 81 39
0 1 85 39
0 1 89 39
0 1 93 39
0 1 97 41
0 1 101 42
0 1 105 41
0 1 109 41
0 1 113 41
0 1 117 42
0 1 121 42
0 1 125 42
0 2 1 35
0 2 5 34
0 2 9 34
0 2 13 34
0 2 17 35
0 2 21 35
0 2 25 36
0 2 29 37
0 2 33 38
0 2 37 38
0 2 41 39
0 2 45 39
0 2 49 41
0 2 53 41
0 2 57 41
0 2 61 41
0 2 65 43
0 2 69 44
0 2 73 44
0 2 77 46
0 2 81 47
0 2 85 48
0 2 89 48
0 2 93 49
0 2 97 50
0 2 101 51
0 2 105 51
0 2 109 52
0 2 113 55
0 2 117 55
0 2 121 55
0 2 125 55
0 3 1 34
0 3 5 34
0 3 9 35
0 3 13 36
0 3 17 35
0 3 21 37
0 3 25 39
0 3 29 39
0 3 33 41
0 3 37 42
0 3 41 43
0 3 45 45
0 3 49 46
0 3 53 46
0 3 57 49
0 3 61 49
0 3 65 52
0 3 69 52
0 3 73 53
0 3 77 57
0 3 81 56
0 3 85 57
0 3 89 59
0 3 93 60
0 3 97 63
0 3 101 63
0 3 105 64
0 3 109 67
0 3 113 67
0 3 117 68
0 3 121 71
0 3 125 73
0 4 1 36
0 4 5 35
0 4 9 36
0 4 13 37
0 4 17 39
0 4 21 40
0 4 25 41
0 4 29 43
0 4 33 45
0 4 37 47
0 4 41 49
0 4 45 51
0 4 49 52
0 4 53 53
0 4 57 56
0 4 61 58
0 4 65 59
0 4 69 59
0 4 73 62
0 4 77 63
0 4 81 65
0 4 85 66
0 4 89 68
0 4 93 69
0 4 97 73
0 4 101 73
0 4 105 75
0 4 109 77
0 4 113 78
0 4 117 80
0 4 121 81
0 4 125 83
0 5 1 36
0 5 5 35
0 5 9 36
0 5 13 39
0 5 17 39
0 5 21 43
0 5 25 43
0 5 29 47
0 5 33 49
0 5 37 52
0 5 41 54
0 5 45 57
0 5 49 58
0 5 53 61
0 5 57 62
0 5 61 65
0 5 65 68
0 5 69 69
0 5 73 72
0 5 77 74
0 5 81 76
0 5 85 80
0 5 89 80
0 5 93 82
0 5 97 87
0 5 101 87
0 5 105 89
0 5 109 92
0 5 113 94
0 5 117 96
0 5 121 99
0 5 125 101
0 6 1 36
0 6 5 36
0 6 9 38
0 6 13 39
0 6 17 42
0 6 21 43
0 6 25 46
0 6 29 49
0 6 33 52
0 6 37 53
0 6 41 58
0 6 45 60
0 6 49 63
0 6 53 66
0 6 57 68
0 6 61 71
0 6 65 73
0 6 69 75
0 6 73 77
0 6 77 81
0 6 81 83
0 6 85 86
0 6 89 88
0 6 93 92
0 6 97 94
0 6 101 95
0 6 105 98
0 6 109 101
0 6 113 103
0 6 117 108
0 6 121 109
0 6 125 112
0 7 1 36
0 7 5 37
0 7 9 38
0 7 13 40
0 7 17 44
0 7 21 47
0 7 25 50
0 7 29 53
0 7 33 57
0 7 37 60
0 7 41 62
0 7 45 65
0 7 49 70
0 7 53 73
0 7 57 75
0 7 61 79
0 7 65 82
0 7 69 86
0 7 73 88
0 7 77 92
0 7 81 95
0 7 85 98
0 7 89 101
0 7 93 104
0 7 97 108
0 7 101 111
0 7 105 113
0 7 109 116
0 7 113 119
0 7 117 125
0 7 121 127
0 7 125 130
0 8 1 36
0 8 5 36
0 8 9 39
0 8 13 42
0 8 17 45
0 8 21 48
0 8 25 51
0 8 29 55
0 8 33 58
0 8 37 62
0 8 41 65
0 8 45 69
0 8 49 71
0 8 53 75
0 8 57 78
0 8 61 82
0 8 65 89
0 8 69 89
0 8 73 93
0 8 77 96
0 8 81 100
0 8 85 103
0 8 89 106
0 8 93 109
0 8 97 112
0 8 101 116
0 8 105 120
0 8 109 122
0 8 113 126
0 8 117 129
0 8 121 132
0 8 125 135
0 9 1 36
0 9 5 37
0 9 9 40
0 9 13 43
0 9 17 47
0 9 21 51
0 9 25 58
0 9 29 61
0 9 33 64
0 9 37 68
0 9 41 72
0 9 45 75
0 9 49 80
0 9 53 84
0 9 57 89
0 9 61 94
0 9 65 97
0 9 69 102
0 9 73 104
0 9 77 112
0 9 81 116
0 9 85 117
0 9 89 125
0 9 93 126
0 9 97 132
0 9 101 134
0 9 105 138
0 9 109 141
0 9 113 145
0 9 117 150
0 9 121 155
0 9 125 159
0 10 1 36
0 10 5 36
0 10 9 40
0 10 13 45
0 10 17 49
0 10 21 53
0 10 25 57
0 10 29 63
0 10 33 66
0 10 37 71
0 10 41 75
0 10 45 80
0 10 49 84
0 10 53 87
0 10 57 91
0 10 61 97
0 10 65 101
0 10 69 104
0 10 73 108
0 10 77 115
0 10 81 119
0 10 85 123
0 10 89 127
0 10 93 133
0 10 97 137
0 10 101 142
0 10 105 145
0 10 109 150
0 10 113 154
0 10 117 155
0 10 121 160
0 10 125 166
0 11 1 37
0 11 5 37
0 11 9 42
0 11 13 47
0 11 17 51
0 11 21 58
0 11 25 62
0 11 29 66
0 11 33 72
0 11 37 76
0 11 41 82
0 11 45 87
0 11 49 92
0 11 53 98
0 11 57 102
0 11 61 106
0 11 65 112
0 11 69 116
0 11 73 122
0 11 77 127
0 11 81 131
0 11 85 137
0 11 89 142
0 11 93 146
0 11 97 154
0 11 101 159
0 11 105 162
0 11 109 166
0 11 113 169
0 11 117 176
0 11 121 183
0 11 125 188
0 12 1 36
0 12 5 38
0 12 9 43
0 12 13 47
0 12 17 53
0 12 21 57
0 12 25 63
0 12 29 68
0 12 33 73
0 12 37 78
0 12 41 83
0 12 45 88
0 12 49 93
0 12 53 98
0 12 57 103
0 12 61 108
0 12 65 113
0 12 69 118
0 12 73 124
0 12 77 129
0 12 81 134
0 12 85 138
0 12 89 145
0 12 93 150
0 12 97 153
0 12 101 158
0 12 105 163
0 12 109 167
0 12 113 174
0 12 117 178
0 12 121 184
0 12 125 190
0 13 1 37
0 13 5 40
0 13 9 43
0 13 13 51
0 13 17 55
0 13 21 61
0 13 25 68
0 13 29 72
0 13 33 80
0 13 37 86
0 13 41 90
0 13 45 97
0 13 49 102
0 13 53 109
0 13 57 115
0 13 61 120
0 13 65 127
0 13 69 134
0 13 73 138
0 13 77 145
0 13 81 150
0 13 85 157
0 13 89 161
0 13 93 165
0 13 97 172
0 13 101 179
0 13 105 183
0 13 109 191
0 13 113 197
0 13 117 203
0 13 121 210
0 13 125 214
0 14 1 37
0 14 5 39
0 14 9 44
0 14 13 50
0 14 17 57
0 14 21 63
0 14 25 69
0 14 29 76
0 14 33 81
0 14 37 88
0 14 41 93
0 14 45 100
0 14 49 105
0 14 53 114
0 14 57 117
0 14 61 123
0 14 65 130
0 14 69 137
0 14 73 141
0 14 77 148
0 14 81 155
0 14 85 159
0 14 89 163
0 14 93 170
0 14 97 178
0 14 101 183
0 14 105 188
0 14 109 195
0 14 113 214
0 14 117 208
0 14 121 214
0 14 125 220
0 15 1 37
0 15 5 41
0 15 9 47
0 15 13 53
0 15 17 59
0 15 21 66
0 15 25 73
0 15 29 79
0 15 33 87
0 15 37 94
0 15 41 101
0 15 45 108
0 15 49 113
0 15 53 120
0 15 57 127
0 15 61 135
0 15 65 141
0 15 69 148
0 15 73 156
0 15 77 160
0 15 81 166
0 15 85 173
0 15 89 180
0 15 93 187
0 15 97 194
0 15 101 202
0 15 105 208
0 15 109 215
0 15 113 222
0 15 117 229
0 15 121 236
0 15 125 243
0 16 1 44
0 16 5 40
0 16 9 46
0 16 13 54
0 16 17 60
0 16 21 67
0 16 25 73
0 16 29 79
0 16 33 86
0 16 37 93
0 16 41 99
0 16 45 107
0 16 49 112
0 16 53 119
0 16 57 127
0 16 61 133
0 16 65 140
0 16 69 149
0 16 73 151
0 16 77 158
0 16 81 164
0 16 85 171
0 16 89 178
0 16 93 185
0 16 97 192
0 16 101 198
0 16 105 205
0 16 109 212
0 16 113 219
0 16 117 226
0 16 121 233
0 16 125 239
0 17 1 36
0 17 5 41
0 17 9 47
0 17 13 55
0 17 17 64
0 17 21 72
0 17 25 79
0 17 29 87
0 17 33 95
0 17 37 103
0 17 41 110
0 17 45 117
0 17 49 126
0 17 53 134
0 17 57 141
0 17 61 150
0 17 65 157
0 17 69 161
0 17 73 170
0 17 77 178
0 17 81 187
0 17 85 194
0 17 89 202
0 17 93 209
0 17 97 218
0 17 101 226
0 17 105 233
0 17 109 240
0 17 113 250
0 17 117 256
0 17 121 265
0 17 125 273
0 18 1 36
0 18 5 41
0 18 9 48
0 18 13 56
0 18 17 64
0 18 21 72
0 18 25 82
0 18 29 89
0 18 33 98
0 18 37 104
0 18 41 111
0 18 45 121
0 18 49 127
0 18 53 136
0 18 57 145
0 18 61 151
0 18 65 156
0 18 69 164
0 18 73 172
0 18 77 182
0 18 81 188
0 18 85 198
0 18 89 205
0 18 93 212
0 18 97 220
0 18 101 228
0 18 105 236
0 18 109 244
0 18 113 251
0 18 117 259
0 18 121 268
0 18 125 277
0 19 1 35
0 19 5 41
0 19 9 50
0 19 13 58
0 19 17 69
0 19 21 76
0 19 25 85
0 19 29 94
0 19 33 102
0 19 37 110
0 19 41 120
0 19 45 132
0 19 49 139
0 19 53 146
0 19 57 154
0 19 61 161
0 19 65 169
0 19 69 177
0 19 73 189
0 19 77 196
0 19 81 204
0 19 85 215
0 19 89 222
0 19 93 231
0 19 97 240
0 19 101 248
0 19 105 258
0 19 109 265
0 19 113 278
0 19 117 285
0 19 121 294
0 19 125 302
0 20 1 35
0 20 5 41
0 20 9 49
0 20 13 60
0 20 17 66
0 20 21 75
0 20 25 83
0 20 29 93
0 20 33 104
0 20 37 111
0 20 41 118
0 20 45 129
0 20 49 136
0 20 53 144
0 20 57 153
0 20 61 160
0 20 65 167
0 20 69 177
0 20 73 187
0 20 77 193
0 20 81 202
0 20 85 211
0 20 89 219
0 20 93 229
0 20 97 237
0 20 101 245
0 20 105 254
0 20 109 263
0 20 113 271
0 20 117 279
0 20 121 287
0 20 125 296
0 21 1 35
0 21 5 42
0 21 9 51
0 21 13 61
0 21 17 71
0 21 21 79
0 21 25 90
0 21 29 100
0 21 33 112
0 21 37 119
0 21 41 129
0 21 45 138
0 21 49 151
0 21 53 162
0 21 57 165
0 21 61 176
0 21 65 183
0 21 69 196
0 21 73 203
0 21 77 213
0 21 81 225
0 21 85 234
0 21 89 242
0 21 93 254
0 21 97 260
0 21 101 272
0 21 105 281
0 21 109 291
0 21 113 301
0 21 117 312
0 21 121 319
0 21 125 331
0 22 1 36
0 22 5 43
0 22 9 52
0 22 13 61
0 22 17 70
0 22 21 82
0 22 25 90
0 22 29 99
0 22 33 109
0 22 37 119
0 22 41 129
0 22 45 138
0 22 49 149
0 22 53 158
0 22 57 166
0 22 61 175
0 22 65 185
0 22 69 196
0 22 73 205
0 22 77 217
0 22 81 225
0 22 85 234
0 22 89 245
0 22 93 251
0 22 97 263
0 22 101 273
0 22 105 282
0 22 109 290
0 22 113 301
0 22 117 312
0 22 121 321
0 22 125 330
0 23 1 36
0 23 5 44
0 23 9 53
0 23 13 65
0 23 17 75
0 23 21 85
0 23 25 95
0 23 29 106
0 23 33 117
0 23 37 128
0 23 41 138
0 23 45 149
0 23 49 160
0 23 53 168
0 23 57 178
0 23 61 192
0 23 65 200
0 23 69 213
0 23 73 222
0 23 77 234
0 23 81 245
0 23 85 255
0 23 89 262
0 23 93 274
0 23 97 286
0 23 101 296
0 23 105 305
0 23 109 316
0 23 113 329
0 23 117 343
0 23 121 348
0 23 125 360
0 24 1 36
0 24 5 43
0 24 9 52
0 24 13 64
0 24 17 73
0 24 21 84
0 24 25 95
0 24 29 103
0 24 33 113
0 24 37 124
0 24 41 134
0 24 45 145
0 24 49 153
0 24 53 162
0 24 57 172
0 24 61 183
0 24 65 194
0 24 69 205
0 24 73 215
0 24 77 226
0 24 81 235
0 24 85 245
0 24 89 255
0 24 93 273
0 24 97 276
0 24 101 285
0 24 105 295
0 24 109 307
0 24 113 317
0 24 117 326
0 24 121 337
0 24 125 347
0 25 1 35
0 25 5 44
0 25 9 57
0 25 13 68
0 25 17 79
0 25 21 90
0 25 25 102
0 25 29 112
0 25 33 123
0 25 37 136
0 25 41 148
0 25 45 160
0 25 49 168
0 25 53 180
0 25 57 190
0 25 61 203
0 25 65 215
0 25 69 226
0 25 73 240
0 25 77 250
0 25 81 260
0 25 85 273
0 25 89 286
0 25 93 295
0 25 97 308
0 25 101 319
0 25 105 331
0 25 109 343
0 25 113 357
0 25 117 363
0 25 121 378
0 25 125 395
0 26 1 36
0 26 5 45
0 26 9 56
0 26 13 67
0 26 17 79
0 26 21 91
0 26 25 102
0 26 29 116
0 26 33 124
0 26 37 136
0 26 41 148
0 26 45 157
0 26 49 166
0 26 53 181
0 26 57 191
0 26 61 201
0 26 65 212
0 26 69 226
0 26 73 237
0 26 77 249
0 26 81 261
0 26 85 275
0 26 89 283
0 26 93 294
0 26 97 304
0 26 101 318
0 26 105 328
0 26 109 340
0 26 113 351
0 26 117 364
0 26 121 376
0 26 125 386
0 27 1 35
0 27 5 46
0 27 9 58
0 27 13 69
0 27 17 84
0 27 21 94
0 27 25 108
0 27 29 119
0 27 33 131
0 27 37 145
0 27 41 157
0 27 45 166
0 27 49 179
0 27 53 191
0 27 57 205
0 27 61 217
0 27 65 229
0 27 69 244
0 27 73 254
0 27 77 270
0 27 81 280
0 27 85 293
0 27 89 304
0 27 93 316
0 27 97 330
0 27 101 342
0 27 105 355
0 27 109 367
0 27 113 379
0 27 117 394
0 27 121 405
0 27 125 418
0 28 1 37
0 28 5 48
0 28 9 58
0 28 13 70
0 28 17 82
0 28 21 93
0 28 25 105
0 28 29 117
0 28 33 130
0 28 37 142
0 28 41 156
0 28 45 162
0 28 49 175
0 28 53 188
0 28 57 199
0 28 61 211
0 28 65 224
0 28 69 235
0 28 73 246
0 28 77 259
0 28 81 272
0 28 85 284
0 28 89 294
0 28 93 307
0 28 97 320
0 28 101 333
0 28 105 344
0 28 109 356
0 28 113 371
0 28 117 381
0 28 121 394
0 28 125 407
0 29 1 36
0 29 5 47
0 29 9 61
0 29 13 73
0 29 17 86
0 29 21 100
0 29 25 113
0 29 29 127
0 29 33 140
0 29 37 154
0 29 41 164
0 29 45 177
0 29 49 191
0 29 53 205
0 29 57 218
0 29 61 231
0 29 65 245
0 29 69 257
0 29 73 272
0 29 77 285
0 29 81 297
0 29 85 311
0 29 89 326
0 29 93 338
0 29 97 352
0 29 101 368
0 29 105 378
0 29 109 394
0 29 113 406
0 29 117 426
0 29 121 436
0 29 125 448
0 30 1 39
0 30 5 47
0 30 9 61
0 30 13 74
0 30 17 85
0 30 21 99
0 30 25 113
0 30 29 125
0 30 33 138
0 30 37 153
0 30 41 163
0 30 45 177
0 30 49 188
0 30 53 202
0 30 57 217
0 30 61 231
0 30 65 242
0 30 69 255
0 30 73 270
0 30 77 281
0 30 81 294
0 30 85 308
0 30 89 325
0 30 93 335
0 30 97 349
0 30 101 361
0 30 105 377
0 30 109 388
0 30 113 411
0 30 117 418
0 30 121 433
0 30 125 444
0 31 1 40
0 31 5 49
0 31 9 63
0 31 13 77
0 31 17 93
0 31 21 105
0 31 25 120
0 31 29 135
0 31 33 146
0 31 37 161
0 31 41 172
0 31 45 190
0 31 49 202
0 31 53 220
0 31 57 231
0 31 61 246
0 31 65 263
0 31 69 273
0 31 73 290
0 31 77 303
0 31 81 315
0 31 85 336
0 31 89 346
0 31 93 360
0 31 97 374
0 31 101 391
0 31 105 402
0 31 109 420
0 31 113 434
0 31 117 445
0 31 121 462
0 31 125 478
0 32 1 37
0 32 5 47
0 32 9 62
0 32 13 75
0 32 17 88
0 32 21 102
0 32 25 114
0 32 29 128
0 32 33 141
0 32 37 152
0 32 41 165
0 32 45 182
0 32 49 192
0 32 53 209
0 32 57 219
0 32 61 233
0 32 65 248
0 32 69 261
0 32 73 274
0 32 77 287
0 32 81 300
0 32 85 314
0 32 89 328
0 32 93 341
0 32 97 356
0 32 101 369
0 32 105 384
0 32 109 397
0 32 113 410
0 32 117 422
0 32 121 437
0 32 125 450
1 1 1 37
1 1 5 37
1 1 9 38
1 1 13 38
1 1 17 38
1 1 21 38
1 1 25 39
1 1 29 41
1 1 33 42
1 1 37 42
1 1 41 42
1 1 45 42
1 1 49 43
1 1 53 44
1 1 57 44
1 1 61 45
1 1 65 49
1 1 69 49
1 1 73 50
1 1 77 50
1 1 81 50
1 1 85 51
1 1 89 52
1 1 93 53
1 1 97 56
1 1 101 57
1 1 105 57
1 1 109 58
1 1 113 58
1 1 117 59
1 1 121 60
1 1 125 61
1 2 1 36
1 2 5 38
1 2 9 37
1 2 13 38
1 2 17 42
1 2 21 43
1 2 25 43
1 2 29 46
1 2 33 49
1 2 37 50
1 2 41 52
1 2 45 53
1 2 49 56
1 2 53 58
1 2 57 58
1 2 61 61
1 2 65 67
1 2 69 66
1 2 73 65
1 2 77 69
1 2 81 71
1 2 85 73
1 2 89 73
1 2 93 75
1 2 97 80
1 2 101 80
1 2 105 81
1 2 109 83
1 2 113 86
1 2 117 86
1 2 121 87
1 2 125 90
1 3 1 37
1 3 5 37
1 3 9 38
1 3 13 42
1 3 17 44
1 3 21 46
1 3 25 51
1 3 29 53
1 3 33 58
1 3 37 59
1 3 41 64
1 3 45 67
1 3 49 67
1 3 53 71
1 3 57 73
1 3 61 79
1 3 65 79
1 3 69 81
1 3 73 85
1 3 77 91
1 3 81 91
1 3 85 92
1 3 89 97
1 3 93 100
1 3 97 103
1 3 101 104
1 3 105 106
1 3 109 112
1 3 113 115
1 3 117 118
1 3 121 123
1 3 125 127
1 4 1 36
1 4 5 37
1 4 9 41
1 4 13 44
1 4 17 48
1 4 21 50
1 4 25 55
1 4 29 59
1 4 33 62
1 4 37 68
1 4 41 70
1 4 45 73
1 4 49 79
1 4 53 81
1 4 57 84
1 4 61 87
1 4 65 91
1 4 69 95
1 4 73 97
1 4 77 104
1 4 81 106
1 4 85 107
1 4 89 112
1 4 93 117
1 4 97 121
1 4 101 125
1 4 105 130
1 4 109 133
1 4 113 137
1 4 117 136
1 4 121 143
1 4 125 145
1 5 1 37
1 5 5 42
1 5 9 43
1 5 13 48
1 5 17 51
1 5 21 56
1 5 25 61
1 5 29 66
1 5 33 72
1 5 37 76
1 5 41 81
1 5 45 88
1 5 49 92
1 5 53 96
1 5 57 101
1 5 61 107
1 5 65 112
1 5 69 114
1 5 73 125
1 5 77 127
1 5 81 132
1 5 85 136
1 5 89 141
1 5 93 148
1 5 97 153
1 5 101 162
1 5 105 162
1 5 109 164
1 5 113 167
1 5 117 172
1 5 121 181
1 5 125 187
1 6 1 38
1 6 5 39
1 6 9 43
1 6 13 50
1 6 17 56
1 6 21 63
1 6 25 69
1 6 29 72
1 6 33 79
1 6 37 85
1 6 41 90
1 6 45 96
1 6 49 102
1 6 53 108
1 6 57 112
1 6 61 127
1 6 65 129
1 6 69 133
1 6 73 138
1 6 77 150
1 6 81 149
1 6 85 150
1 6 89 167
1 6 93 168
1 6 97 173
1 6 101 175
1 6 105 184
1 6 109 189
1 6 113 199
1 6 117 207
1 6 121 208
1 6 125 225
1 7 1 38
1 7 5 43
1 7 9 46
1 7 13 52
1 7 17 61
1 7 21 66
1 7 25 75
1 7 29 82
1 7 33 90
1 7 37 94
1 7 41 105
1 7 45 106
1 7 49 118
1 7 53 124
1 7 57 134
1 7 61 142
1 7 65 142
1 7 69 156
1 7 73 153
1 7 77 165
1 7 81 169
1 7 85 190
1 7 89 185
1 7 93 200
1 7 97 202
1 7 101 210
1 7 105 210
1 7 109 219
1 7 113 236
1 7 117 229
1 7 121 251
1 7 125 256
1 8 1 37
1 8 5 43
1 8 9 48
1 8 13 56
1 8 17 60
1 8 21 70
1 8 25 73
1 8 29 81
1 8 33 86
1 8 37 95
1 8 41 100
1 8 45 106
1 8 49 113
1 8 53 123
1 8 57 127
1 8 61 137
1 8 65 152
1 8 69 151
1 8 73 154
1 8 77 170
1 8 81 167
1 8 85 173
1 8 89 181
1 8 93 189
1 8 97 195
1 8 101 211
1 8 105 217
1 8 109 219
1 8 113 225
1 8 117 225
1 8 121 239
1 8 125 240
1 9 1 37
1 9 5 43
1 9 9 51
1 9 13 59
1 9 17 69
1 9 21 76
1 9 25 87
1 9 29 95
1 9 33 108
1 9 37 114
1 9 41 122
1 9 45 132
1 9 49 137
1 9 53 148
1 9 57 153
1 9 61 170
1 9 65 172
1 9 69 192
1 9 73 194
1 9 77 254
1 9 81 212
1 9 85 221
1 9 89 242
1 9 93 246
1 9 97 261
1 9 101 256
1 9 105 266
1 9 109 287
1 9 113 284
1 9 117 297
1 9 121 308
1 9 125 317
1 10 1 38
1 10 5 44
1 10 9 52
1 10 13 67
1 10 17 73
1 10 21 81
1 10 25 91
1 10 29 102
1 10 33 111
1 10 37 125
1 10 41 127
1 10 45 150
1 10 49 155
1 10 53 161
1 10 57 171
1 10 61 180
1 10 65 192
1 10 69 199
1 10 73 209
1 10 77 221
1 10 81 240
1 10 85 249
1 10 89 250
1 10 93 259
1 10 97 278
1 10 101 288
1 10 105 291
1 10 109 295
1 10 113 310
1 10 117 308
1 10 121 333
1 10 125 339
1 11 1 38
1 11 5 44
1 11 9 57
1 11 13 68
1 11 17 77
1 11 21 91
1 11 25 98
1 11 29 111
1 11 33 123
1 11 37 131
1 11 41 151
1 11 45 153
1 11 49 164
1 11 53 179
1 11 57 187
1 11 61 207
1 11 65 213
1 11 69 218
1 11 73 240
1 11 77 251
1 11 81 253
1 11 85 266
1 11 89 294
1 11 93 277
1 11 97 336
1 11 101 321
1 11 105 332
1 11 109 347
1 11 113 353
1 11 117 359
1 11 121 429
1 11 125 390
1 12 1 38
1 12 5 45
1 12 9 55
1 12 13 67
1 12 17 77
1 12 21 88
1 12 25 102
1 12 29 111
1 12 33 124
1 12 37 134
1 12 41 145
1 12 45 154
1 12 49 166
1 12 53 177
1 12 57 181
1 12 61 208
1 12 65 210
1 12 69 226
1 12 73 248
1 12 77 246
1 12 81 256
1 12 85 259
1 12 89 284
1 12 93 293
1 12 97 299
1 12 101 306
1 12 105 327
1 12 109 334
1 12 113 358
1 12 117 362
1 12 121 379
1 12 125 382
1 13 1 38
1 13 5 48
1 13 9 60
1 13 13 73
1 13 17 84
1 13 21 96
1 13 25 112
1 13 29 125
1 13 33 138
1 13 37 149
1 13 41 164
1 13 45 173
1 13 49 189
1 13 53 214
1 13 57 217
1 13 61 235
1 13 65 244
1 13 69 266
1 13 73 279
1 13 77 291
1 13 81 296
1 13 85 315
1 13 89 337
1 13 93 334
1 13 97 342
1 13 101 365
1 13 105 361
1 13 109 396
1 13 113 421
1 13 117 421
1 13 121 432
1 13 125 451
1 14 1 42
1 14 5 50
1 14 9 64
1 14 13 76
1 14 17 89
1 14 21 102
1 14 25 116
1 14 29 147
1 14 33 150
1 14 37 156
1 14 41 181
1 14 45 184
1 14 49 198
1 14 53 214
1 14 57 230
1 14 61 246
1 14 65 249
1 14 69 269
1 14 73 269
1 14 77 301
1 14 81 310
1 14 85 330
1 14 89 337
1 14 93 357
1 14 97 392
1 14 101 377
1 14 105 396
1 14 109 402
1 14 113 431
1 14 117 419
1 14 121 450
1 14 125 470
1 15 1 39
1 15 5 51
1 15 9 67
1 15 13 81
1 15 17 92
1 15 21 107
1 15 25 128
1 15 29 142
1 15 33 154
1 15 37 173
1 15 41 192
1 15 45 203
1 15 49 212
1 15 53 231
1 15 57 247
1 15 61 264
1 15 65 282
1 15 69 307
1 15 73 309
1 15 77 325
1 15 81 335
1 15 85 353
1 15 89 386
1 15 93 404
1 15 97 412
1 15 101 425
1 15 105 424
1 15 109 439
1 15 113 466
1 15 117 475
1 15 121 513
1 15 125 515
1 16 1 38
1 16 5 48
1 16 9 64
1 16 13 77
1 16 17 88
1 16 21 109
1 16 25 117
1 16 29 131
1 16 33 138
1 16 37 164
1 16 41 169
1 16 45 183
1 16 49 199
1 16 53 217
1 16 57 220
1 16 61 245
1 16 65 269
1 16 69 262
1 16 73 268
1 16 77 299
1 16 81 310
1 16 85 322
1 16 89 334
1 16 93 344
1 16 97 353
1 16 101 377
1 16 105 389
1 16 109 396
1 16 113 426
1 16 117 425
1 16 121 446
1 16 125 461
1 17 1 38
1 17 5 51
1 17 9 70
1 17 13 84
1 17 17 106
1 17 21 121
1 17 25 138
1 17 29 152
1 17 33 172
1 17 37 187
1 17 41 209
1 17 45 222
1 17 49 253
1 17 53 262
1 17 57 275
1 17 61 315
1 17 65 316
1 17 69 323
1 17 73 360
1 17 77 366
1 17 81 408
1 17 85 402
1 17 89 430
1 17 93 431
1 17 97 455
1 17 101 485
1 17 105 500
1 17 109 507
1 17 113 529
1 17 117 539
1 17 121 547
1 17 125 585
1 18 1 37
1 18 5 52
1 18 9 72
1 18 13 87
1 18 17 105
1 18 21 129
1 18 25 150
1 18 29 162
1 18 33 189
1 18 37 204
1 18 41 212
1 18 45 240
1 18 49 246
1 18 53 269
1 18 57 272
1 18 61 311
1 18 65 307
1 18 69 347
1 18 73 355
1 18 77 420
1 18 81 395
1 18 85 413
1 18 89 438
1 18 93 436
1 18 97 469
1 18 101 489
1 18 105 495
1 18 109 533
1 18 113 530
1 18 117 560
1 18 121 567
1 18 125 595
1 19 1 38
1 19 5 53
1 19 9 72
1 19 13 92
1 19 17 115
1 19 21 133
1 19 25 152
1 19 29 170
1 19 33 187
1 19 37 206
1 19 41 233
1 19 45 249
1 19 49 268
1 19 53 300
1 19 57 316
1 19 61 325
1 19 65 353
1 19 69 371
1 19 73 440
1 19 77 407
1 19 81 429
1 19 85 453
1 19 89 474
1 19 93 481
1 19 97 520
1 19 101 528
1 19 105 574
1 19 109 568
1 19 113 605
1 19 117 608
1 19 121 641
1 19 125 673
1 20 1 37
1 20 5 55
1 20 9 72
1 20 13 91
1 20 17 107
1 20 21 129
1 20 25 145
1 20 29 170
1 20 33 183
1 20 37 208
1 20 41 217
1 20 45 244
1 20 49 265
1 20 53 275
1 20 57 292
1 20 61 311
1 20 65 325
1 20 69 363
1 20 73 371
1 20 77 385
1 20 81 413
1 20 85 429
1 20 89 457
1 20 93 479
1 20 97 489
1 20 101 514
1 20 105 529
1 20 109 541
1 20 113 556
1 20 117 578
1 20 121 612
1 20 125 615
1 21 1 41
1 21 5 56
1 21 9 77
1 21 13 96
1 21 17 119
1 21 21 137
1 21 25 162
1 21 29 187
1 21 33 255
1 21 37 224
1 21 41 251
1 21 45 269
1 21 49 287
1 21 53 322
1 21 57 337
1 21 61 363
1 21 65 362
1 21 69 425
1 21 73 425
1 21 77 453
1 21 81 474
1 21 85 500
1 21 89 516
1 21 93 545
1 21 97 543
1 21 101 576
1 21 105 601
1 21 109 620
1 21 113 663
1 21 117 669
1 21 121 690
1 21 125 706
1 22 1 38
1 22 5 59
1 22 9 80
1 22 13 101
1 22 17 122
1 22 21 150
1 22 25 164
1 22 29 186
1 22 33 207
1 22 37 235
1 22 41 257
1 22 45 272
1 22 49 302
1 22 53 319
1 22 57 340
1 22 61 388
1 22 65 384
1 22 69 410
1 22 73 426
1 22 77 451
1 22 81 479
1 22 85 499
1 22 89 542
1 22 93 514
1 22 97 597
1 22 101 596
1 22 105 609
1 22 109 634
1 22 113 662
1 22 117 669
1 22 121 724
1 22 125 727
1 23 1 38
1 23 5 60
1 23 9 83
1 23 13 107
1 23 17 127
1 23 21 155
1 23 25 180
1 23 29 202
1 23 33 219
1 23 37 262
1 23 41 270
1 23 45 308
1 23 49 320
1 23 53 341
1 23 57 369
1 23 61 419
1 23 65 419
1 23 69 449
1 23 73 473
1 23 77 483
1 23 81 545
1 23 85 550
1 23 89 527
1 23 93 600
1 23 97 625
1 23 101 652
1 23 105 665
1 23 109 670
1 23 113 711
1 23 117 794
1 23 121 766
1 23 125 784
1 24 1 38
1 24 5 57
1 24 9 75
1 24 13 98
1 24 17 116
1 24 21 148
1 24 25 163
1 24 29 183
1 24 33 212
1 24 37 217
1 24 41 244
1 24 45 271
1 24 49 283
1 24 53 302
1 24 57 316
1 24 61 350
1 24 65 365
1 24 69 385
1 24 73 418
1 24 77 441
1 24 81 457
1 24 85 458
1 24 89 507
1 24 93 522
1 24 97 533
1 24 101 554
1 24 105 578
1 24 109 608
1 24 113 630
1 24 117 640
1 24 121 665
1 24 125 678
1 25 1 39
1 25 5 62
1 25 9 88
1 25 13 112
1 25 17 137
1 25 21 164
1 25 25 189
1 25 29 214
1 25 33 246
1 25 37 272
1 25 41 280
1 25 45 318
1 25 49 341
1 25 53 371
1 25 57 394
1 25 61 423
1 25 65 448
1 25 69 484
1 25 73 515
1 25 77 529
1 25 81 555
1 25 85 586
1 25 89 598
1 25 93 647
1 25 97 672
1 25 101 685
1 25 105 709
1 25 109 740
1 25 113 769
1 25 117 776
1 25 121 841
1 25 125 852
1 26 1 39
1 26 5 66
1 26 9 88
1 26 13 112
1 26 17 138
1 26 21 162
1 26 25 192
1 26 29 214
1 26 33 240
1 26 37 264
1 26 41 307
1 26 45 307
1 26 49 343
1 26 53 400
1 26 57 394
1 26 61 420
1 26 65 441
1 26 69 490
1 26 73 500
1 26 77 541
1 26 81 559
1 26 85 593
1 26 89 626
1 26 93 634
1 26 97 648
1 26 101 686
1 26 105 685
1 26 109 755
1 26 113 784
1 26 117 790
1 26 121 818
1 26 125 874
1 27 1 39
1 27 5 65
1 27 9 92
1 27 13 118
1 27 17 150
1 27 21 171
1 27 25 202
1 27 29 230
1 27 33 253
1 27 37 289
1 27 41 318
1 27 45 337
1 27 49 363
1 27 53 397
1 27 57 429
1 27 61 464
1 27 65 475
1 27 69 536
1 27 73 548
1 27 77 648
1 27 81 600
1 27 85 631
1 27 89 650
1 27 93 673
1 27 97 717
1 27 101 730
1 27 105 777
1 27 109 807
1 27 113 822
1 27 117 860
1 27 121 900
1 27 125 906
1 28 1 39
1 28 5 66
1 28 9 88
1 28 13 114
1 28 17 143
1 28 21 165
1 28 25 199
1 28 29 240
1 28 33 247
1 28 37 275
1 28 41 302
1 28 45 320
1 28 49 373
1 28 53 377
1 28 57 395
1 28 61 431
1 28 65 454
1 28 69 475
1 28 73 482
1 28 77 529
1 28 81 570
1 28 85 604
1 28 89 624
1 28 93 639
1 28 97 693
1 28 101 693
1 28 105 718
1 28 109 732
1 28 113 796
1 28 117 790
1 28 121 832
1 28 125 873
1 29 1 41
1 29 5 67
1 29 9 97
1 29 13 125
1 29 17 151
1 29 21 188
1 29 25 214
1 29 29 248
1 29 33 275
1 29 37 312
1 29 41 349
1 29 45 361
1 29 49 397
1 29 53 422
1 29 57 473
1 29 61 483
1 29 65 514
1 29 69 549
1 29 73 567
1 29 77 620
1 29 81 655
1 29 85 683
1 29 89 707
1 29 93 739
1 29 97 754
1 29 101 811
1 29 105 825
1 29 109 857
1 29 113 862
1 29 117 957
1 29 121 973
1 29 125 979
1 30 1 41
1 30 5 71
1 30 9 97
1 30 13 130
1 30 17 152
1 30 21 185
1 30 25 223
1 30 29 243
1 30 33 272
1 30 37 319
1 30 41 335
1 30 45 381
1 30 49 396
1 30 53 425
1 30 57 450
1 30 61 511
1 30 65 519
1 30 69 562
1 30 73 571
1 30 77 609
1 30 81 646
1 30 85 668
1 30 89 730
1 30 93 748
1 30 97 777
1 30 101 791
1 30 105 814
1 30 109 852
1 30 113 899
1 30 117 927
1 30 121 980
1 30 125 980
1 31 1 47
1 31 5 73
1 31 9 101
1 31 13 140
1 31 17 163
1 31 21 200
1 31 25 231
1 31 29 269
1 31 33 278
1 31 37 335
1 31 41 360
1 31 45 404
1 31 49 417
1 31 53 463
1 31 57 479
1 31 61 521
1 31 65 606
1 31 69 596
1 31 73 631
1 31 77 659
1 31 81 673
1 31 85 725
1 31 89 735
1 31 93 790
1 31 97 798
1 31 101 861
1 31 105 873
1 31 109 916
1 31 113 958
1 31 117 965
1 31 121 1015
1 31 125 1058
1 32 1 38
1 32 5 67
1 32 9 94
1 32 13 128
1 32 17 141
1 32 21 196
1 32 25 200
1 32 29 222
1 32 33 243
1 32 37 278
1 32 41 299
1 32 45 342
1 32 49 365
1 32 53 388
1 32 57 406
1 32 61 446
1 32 65 519
1 32 69 514
1 32 73 525
1 32 77 556
1 32 81 574
1 32 85 602
1 32 89 629
1 32 93 651
1 32 97 671
1 32 101 710
1 32 105 751
1 32 109 765
1 32 113 813
1 32 117 824
1 32 121 891
1 32 125 913
2 1 1 28
2 1 5 27
2 1 9 28
2 1 13 29
2 1 17 28
2 1 21 28
2 1 25 28
2 1 29 29
2 1 33 29
2 1 37 29
2 1 41 27
2 1 45 28
2 1 49 28
2 1 53 28
2 1 57 29
2 1 61 28
2 1 65 28
2 1 69 29
2 1 73 28
2 1 77 28
2 1 81 29
2 1 85 30
2 1 89 30
2 1 93 30
2 1 97 30
2 1 101 29
2 1 105 29
2 1 109 29
2 1 113 31
2 1 117 29
2 1 121 30
2 1 125 29
2 2 1 27
2 2 5 27
2 2 9 27
2 2 13 28
2 2 17 29
2 2 21 28
2 2 25 29
2 2 29 29
2 2 33 30
2 2 37 30
2 2 41 30
2 2 45 29
2 2 49 29
2 2 53 30
2 2 57 30
2 2 61 29
2 2 65 31
2 2 69 30
2 2 73 30
2 2 77 31
2 2 81 30
2 2 85 31
2 2 89 32
2 2 93 32
2 2 97 31
2 2 101 31
2 2 105 32
2 2 109 32
2 2 113 32
2 2 117 33
2 2 121 33
2 2 125 33
2 3 1 28
2 3 5 28
2 3 9 27
2 3 13 28
2 3 17 27
2 3 21 28
2 3 25 29
2 3 29 29
2 3 33 30
2 3 37 30
2 3 41 30
2 3 45 30
2 3 49 31
2 3 53 31
2 3 57 31
2 3 61 31
2 3 65 32
2 3 69 32
2 3 73 32
2 3 77 34
2 3 81 33
2 3 85 33
2 3 89 34
2 3 93 33
2 3 97 34
2 3 101 35
2 3 105 35
2 3 109 35
2 3 113 36
2 3 117 36
2 3 121 35
2 3 125 36
2 4 1 27
2 4 5 28
2 4 9 27
2 4 13 28
2 4 17 28
2 4 21 29
2 4 25 29
2 4 29 30
2 4 33 31
2 4 37 32
2 4 41 31
2 4 45 47
2 4 49 32
2 4 53 33
2 4 57 34
2 4 61 34
2 4 65 34
2 4 69 33
2 4 73 35
2 4 77 36
2 4 81 34
2 4 85 35
2 4 89 35
2 4 93 36
2 4 97 37
2 4 101 36
2 4 105 37
2 4 109 38
2 4 113 39
2 4 117 39
2 4 121 39
2 4 125 39
2 5 1 29
2 5 5 27
2 5 9 27
2 5 13 28
2 5 17 28
2 5 21 29
2 5 25 29
2 5 29 31
2 5 33 31
2 5 37 32
2 5 41 32
2 5 45 34
2 5 49 34
2 5 53 35
2 5 57 36
2 5 61 36
2 5 65 35
2 5 69 38
2 5 73 36
2 5 77 37
2 5 81 37
2 5 85 38
2 5 89 38
2 5 93 38
2 5 97 39
2 5 101 39
2 5 105 40
2 5 109 42
2 5 113 41
2 5 117 43
2 5 121 42
2 5 125 43
2 6 1 27
2 6 5 27
2 6 9 28
2 6 13 28
2 6 17 29
2 6 21 29
2 6 25 30
2 6 29 31
2 6 33 31
2 6 37 32
2 6 41 35
2 6 45 34
2 6 49 34
2 6 53 37
2 6 57 36
2 6 61 37
2 6 65 37
2 6 69 38
2 6 73 38
2 6 77 39
2 6 81 39
2 6 85 42
2 6 89 40
2 6 93 41
2 6 97 42
2 6 101 42
2 6 105 42
2 6 109 44
2 6 113 44
2 6 117 45
2 6 121 49
2 6 125 46
2 7 1 27
2 7 5 28
2 7 9 29
2 7 13 29
2 7 17 30
2 7 21 30
2 7 25 31
2 7 29 31
2 7 33 32
2 7 37 33
2 7 41 34
2 7 45 35
2 7 49 37
2 7 53 36
2 7 57 37
2 7 61 38
2 7 65 40
2 7 69 41
2 7 73 41
2 7 77 42
2 7 81 43
2 7 85 42
2 7 89 43
2 7 93 44
2 7 97 44
2 7 101 45
2 7 105 46
2 7 109 46
2 7 113 47
2 7 117 49
2 7 121 48
2 7 125 49
2 8 1 28
2 8 5 28
2 8 9 28
2 8 13 29
2 8 17 30
2 8 21 30
2 8 25 31
2 8 29 34
2 8 33 33
2 8 37 34
2 8 41 35
2 8 45 36
2 8 49 36
2 8 53 37
2 8 57 38
2 8 61 39
2 8 65 41
2 8 69 41
2 8 73 43
2 8 77 44
2 8 81 44
2 8 85 47
2 8 89 46
2 8 93 47
2 8 97 48
2 8 101 48
2 8 105 49
2 8 109 49
2 8 113 50
2 8 117 52
2 8 121 51
2 8 125 53
2 9 1 27
2 9 5 27
2 9 9 29
2 9 13 30
2 9 17 30
2 9 21 31
2 9 25 33
2 9 29 34
2 9 33 34
2 9 37 37
2 9 41 36
2 9 45 37
2 9 49 37
2 9 53 38
2 9 57 40
2 9 61 41
2 9 65 41
2 9 69 43
2 9 73 43
2 9 77 45
2 9 81 49
2 9 85 48
2 9 89 49
2 9 93 54
2 9 97 54
2 9 101 51
2 9 105 55
2 9 109 52
2 9 113 55
2 9 117 55
2 9 121 55
2 9 125 57
2 10 1 28
2 10 5 27
2 10 9 30
2 10 13 30
2 10 17 32
2 10 21 33
2 10 25 34
2 10 29 35
2 10 33 36
2 10 37 38
2 10 41 37
2 10 45 38
2 10 49 39
2 10 53 40
2 10 57 42
2 10 61 42
2 10 65 43
2 10 69 44
2 10 73 45
2 10 77 48
2 10 81 48
2 10 85 58
2 10 89 50
2 10 93 53
2 10 97 53
2 10 101 54
2 10 105 56
2 10 109 58
2 10 113 56
2 10 117 59
2 10 121 58
2 10 125 59
2 11 1 27
2 11 5 27
2 11 9 29
2 11 13 30
2 11 17 32
2 11 21 33
2 11 25 33
2 11 29 35
2 11 33 36
2 11 37 36
2 11 41 38
2 11 45 39
2 11 49 41
2 11 53 41
2 11 57 43
2 11 61 43
2 11 65 45
2 11 69 46
2 11 73 47
2 11 77 48
2 11 81 50
2 11 85 51
2 11 89 53
2 11 93 55
2 11 97 55
2 11 101 57
2 11 105 61
2 11 109 58
2 11 113 59
2 11 117 63
2 11 121 61
2 11 125 69
2 12 1 27
2 12 5 28
2 12 9 29
2 12 13 30
2 12 17 32
2 12 21 33
2 12 25 34
2 12 29 37
2 12 33 36
2 12 37 38
2 12 41 40
2 12 45 40
2 12 49 41
2 12 53 43
2 12 57 44
2 12 61 45
2 12 65 46
2 12 69 48
2 12 73 49
2 12 77 50
2 12 81 52
2 12 85 53
2 12 89 55
2 12 93 56
2 12 97 56
2 12 101 58
2 12 105 59
2 12 109 60
2 12 113 67
2 12 117 65
2 12 121 64
2 12 125 66
2 13 1 30
2 13 5 28
2 13 9 29
2 13 13 33
2 13 17 32
2 13 21 33
2 13 25 35
2 13 29 36
2 13 33 37
2 13 37 39
2 13 41 40
2 13 45 41
2 13 49 44
2 13 53 45
2 13 57 46
2 13 61 50
2 13 65 49
2 13 69 50
2 13 73 51
2 13 77 53
2 13 81 54
2 13 85 55
2 13 89 56
2 13 93 57
2 13 97 60
2 13 101 60
2 13 105 62
2 13 109 63
2 13 113 66
2 13 117 67
2 13 121 69
2 13 125 70
2 14 1 29
2 14 5 30
2 14 9 32
2 14 13 32
2 14 17 33
2 14 21 35
2 14 25 36
2 14 29 37
2 14 33 38
2 14 37 40
2 14 41 41
2 14 45 42
2 14 49 45
2 14 53 46
2 14 57 48
2 14 61 58
2 14 65 51
2 14 69 52
2 14 73 53
2 14 77 56
2 14 81 56
2 14 85 57
2 14 89 58
2 14 93 60
2 14 97 61
2 14 101 62
2 14 105 64
2 14 109 69
2 14 113 68
2 14 117 69
2 14 121 71
2 14 125 72
2 15 1 29
2 15 5 31
2 15 9 33
2 15 13 33
2 15 17 35
2 15 21 35
2 15 25 37
2 15 29 37
2 15 33 40
2 15 37 41
2 15 41 42
2 15 45 44
2 15 49 46
2 15 53 47
2 15 57 50
2 15 61 51
2 15 65 52
2 15 69 53
2 15 73 56
2 15 77 56
2 15 81 57
2 15 85 60
2 15 89 60
2 15 93 62
2 15 97 63
2 15 101 65
2 15 105 67
2 15 109 69
2 15 113 70
2 15 117 73
2 15 121 74
2 15 125 77
2 16 1 29
2 16 5 30
2 16 9 37
2 16 13 33
2 16 17 35
2 16 21 36
2 16 25 37
2 16 29 39
2 16 33 41
2 16 37 43
2 16 41 44
2 16 45 47
2 16 49 47
2 16 53 49
2 16 57 51
2 16 61 52
2 16 65 55
2 16 69 58
2 16 73 56
2 16 77 59
2 16 81 60
2 16 85 62
2 16 89 63
2 16 93 64
2 16 97 68
2 16 101 68
2 16 105 70
2 16 109 71
2 16 113 73
2 16 117 75
2 16 121 77
2 16 125 79
2 17 1 27
2 17 5 31
2 17 9 32
2 17 13 33
2 17 17 34
2 17 21 37
2 17 25 39
2 17 29 41
2 17 33 42
2 17 37 44
2 17 41 47
2 17 45 48
2 17 49 50
2 17 53 50
2 17 57 53
2 17 61 54
2 17 65 56
2 17 69 56
2 17 73 59
2 17 77 61
2 17 81 63
2 17 85 64
2 17 89 65
2 17 93 68
2 17 97 70
2 17 101 71
2 17 105 74
2 17 109 75
2 17 113 77
2 17 117 79
2 17 121 80
2 17 125 82
2 18 1 27
2 18 5 30
2 18 9 32
2 18 13 33
2 18 17 35
2 18 21 38
2 18 25 43
2 18 29 42
2 18 33 43
2 18 37 48
2 18 41 48
2 18 45 49
2 18 49 53
2 18 53 58
2 18 57 55
2 18 61 56
2 18 65 65
2 18 69 58
2 18 73 60
2 18 77 63
2 18 81 64
2 18 85 67
2 18 89 69
2 18 93 70
2 18 97 72
2 18 101 75
2 18 105 77
2 18 109 78
2 18 113 80
2 18 117 82
2 18 121 84
2 18 125 85
2 19 1 28
2 19 5 29
2 19 9 31
2 19 13 33
2 19 17 35
2 19 21 38
2 19 25 42
2 19 29 41
2 19 33 45
2 19 37 46
2 19 41 49
2 19 45 51
2 19 49 53
2 19 53 54
2 19 57 55
2 19 61 56
2 19 65 59
2 19 69 60
2 19 73 62
2 19 77 64
2 19 81 66
2 19 85 69
2 19 89 70
2 19 93 72
2 19 97 75
2 19 101 78
2 19 105 78
2 19 109 82
2 19 113 84
2 19 117 89
2 19 121 87
2 19 125 89
2 20 1 27
2 20 5 30
2 20 9 31
2 20 13 33
2 20 17 35
2 20 21 37
2 20 25 39
2 20 29 43
2 20 33 45
2 20 37 48
2 20 41 50
2 20 45 52
2 20 49 54
2 20 53 57
2 20 57 59
2 20 61 59
2 20 65 62
2 20 69 62
2 20 73 66
2 20 77 66
2 20 81 68
2 20 85 71
2 20 89 72
2 20 93 75
2 20 97 78
2 20 101 80
2 20 105 82
2 20 109 87
2 20 113 86
2 20 117 88
2 20 121 91
2 20 125 93
2 21 1 27
2 21 5 29
2 21 9 32
2 21 13 34
2 21 17 36
2 21 21 38
2 21 25 40
2 21 29 43
2 21 33 44
2 21 37 48
2 21 41 50
2 21 45 52
2 21 49 55
2 21 53 60
2 21 57 59
2 21 61 60
2 21 65 63
2 21 69 68
2 21 73 67
2 21 77 68
2 21 81 72
2 21 85 74
2 21 89 75
2 21 93 78
2 21 97 80
2 21 101 82
2 21 105 86
2 21 109 87
2 21 113 88
2 21 117 92
2 21 121 94
2 21 125 96
2 22 1 27
2 22 5 30
2 22 9 31
2 22 13 35
2 22 17 36
2 22 21 38
2 22 25 40
2 22 29 43
2 22 33 45
2 22 37 49
2 22 41 50
2 22 45 54
2 22 49 56
2 22 53 63
2 22 57 59
2 22 61 64
2 22 65 67
2 22 69 67
2 22 73 69
2 22 77 73
2 22 81 74
2 22 85 78
2 22 89 79
2 22 93 82
2 22 97 83
2 22 101 85
2 22 105 88
2 22 109 89
2 22 113 92
2 22 117 95
2 22 121 97
2 22 125 99
2 23 1 28
2 23 5 31
2 23 9 32
2 23 13 34
2 23 17 37
2 23 21 39
2 23 25 41
2 23 29 44
2 23 33 46
2 23 37 49
2 23 41 52
2 23 45 54
2 23 49 57
2 23 53 58
2 23 57 61
2 23 61 64
2 23 65 65
2 23 69 69
2 23 73 75
2 23 77 79
2 23 81 77
2 23 85 80
2 23 89 81
2 23 93 83
2 23 97 85
2 23 101 88
2 23 105 90
2 23 109 92
2 23 113 95
2 23 117 97
2 23 121 99
2 23 125 105
2 24 1 28
2 24 5 29
2 24 9 33
2 24 13 35
2 24 17 37
2 24 21 39
2 24 25 43
2 24 29 44
2 24 33 47
2 24 37 50
2 24 41 52
2 24 45 55
2 24 49 56
2 24 53 59
2 24 57 63
2 24 61 64
2 24 65 68
2 24 69 73
2 24 73 74
2 24 77 79
2 24 81 78
2 24 85 85
2 24 89 83
2 24 93 87
2 24 97 89
2 24 101 91
2 24 105 94
2 24 109 96
2 24 113 98
2 24 117 101
2 24 121 103
2 24 125 106
2 25 1 27
2 25 5 31
2 25 9 33
2 25 13 35
2 25 17 38
2 25 21 41
2 25 25 43
2 25 29 45
2 25 33 48
2 25 37 52
2 25 41 53
2 25 45 56
2 25 49 57
2 25 53 60
2 25 57 63
2 25 61 65
2 25 65 70
2 25 69 73
2 25 73 76
2 25 77 78
2 25 81 83
2 25 85 83
2 25 89 87
2 25 93 89
2 25 97 91
2 25 101 94
2 25 105 97
2 25 109 99
2 25 113 102
2 25 117 104
2 25 121 107
2 25 125 110
2 26 1 28
2 26 5 30
2 26 9 34
2 26 13 36
2 26 17 40
2 26 21 42
2 26 25 44
2 26 29 47
2 26 33 55
2 26 37 52
2 26 41 55
2 26 45 56
2 26 49 59
2 26 53 62
2 26 57 64
2 26 61 67
2 26 65 71
2 26 69 73
2 26 73 76
2 26 77 80
2 26 81 83
2 26 85 85
2 26 89 89
2 26 93 91
2 26 97 94
2 26 101 97
2 26 105 99
2 26 109 104
2 26 113 105
2 26 117 107
2 26 121 111
2 26 125 112
2 27 1 27
2 27 5 31
2 27 9 34
2 27 13 36
2 27 17 39
2 27 21 41
2 27 25 45
2 27 29 48
2 27 33 50
2 27 37 53
2 27 41 57
2 27 45 58
2 27 49 60
2 27 53 63
2 27 57 66
2 27 61 69
2 27 65 72
2 27 69 75
2 27 73 78
2 27 77 81
2 27 81 84
2 27 85 91
2 27 89 89
2 27 93 93
2 27 97 97
2 27 101 101
2 27 105 103
2 27 109 106
2 27 113 109
2 27 117 112
2 27 121 113
2 27 125 116
2 28 1 28
2 28 5 31
2 28 9 35
2 28 13 36
2 28 17 40
2 28 21 41
2 28 25 46
2 28 29 48
2 28 33 51
2 28 37 55
2 28 41 58
2 28 45 59
2 28 49 65
2 28 53 65
2 28 57 68
2 28 61 71
2 28 65 75
2 28 69 77
2 28 73 80
2 28 77 83
2 28 81 86
2 28 85 88
2 28 89 91
2 28 93 95
2 28 97 99
2 28 101 103
2 28 105 105
2 28 109 112
2 28 113 117
2 28 117 117
2 28 121 118
2 28 125 121
2 29 1 28
2 29 5 32
2 29 9 33
2 29 13 37
2 29 17 40
2 29 21 42
2 29 25 46
2 29 29 48
2 29 33 52
2 29 37 57
2 29 41 57
2 29 45 60
2 29 49 63
2 29 53 66
2 29 57 69
2 29 61 73
2 29 65 76
2 29 69 79
2 29 73 83
2 29 77 85
2 29 81 88
2 29 85 91
2 29 89 94
2 29 93 97
2 29 97 101
2 29 101 104
2 29 105 107
2 29 109 111
2 29 113 113
2 29 117 118
2 29 121 121
2 29 125 133
2 30 1 31
2 30 5 32
2 30 9 34
2 30 13 37
2 30 17 39
2 30 21 43
2 30 25 51
2 30 29 50
2 30 33 53
2 30 37 56
2 30 41 57
2 30 45 62
2 30 49 64
2 30 53 68
2 30 57 71
2 30 61 76
2 30 65 78
2 30 69 88
2 30 73 85
2 30 77 87
2 30 81 90
2 30 85 93
2 30 89 96
2 30 93 99
2 30 97 103
2 30 101 106
2 30 105 111
2 30 109 112
2 30 113 117
2 30 117 120
2 30 121 129
2 30 125 126
2 31 1 29
2 31 5 32
2 31 9 35
2 31 13 38
2 31 17 42
2 31 21 44
2 31 25 48
2 31 29 51
2 31 33 54
2 31 37 57
2 31 41 58
2 31 45 63
2 31 49 65
2 31 53 70
2 31 57 72
2 31 61 76
2 31 65 80
2 31 69 85
2 31 73 87
2 31 77 88
2 31 81 92
2 31 85 97
2 31 89 98
2 31 93 102
2 31 97 105
2 31 101 109
2 31 105 112
2 31 109 117
2 31 113 119
2 31 117 123
2 31 121 126
2 31 125 130
2 32 1 29
2 32 5 31
2 32 9 36
2 32 13 39
2 32 17 42
2 32 21 46
2 32 25 50
2 32 29 53
2 32 33 55
2 32 37 56
2 32 41 64
2 32 45 64
2 32 49 67
2 32 53 75
2 32 57 74
2 32 61 77
2 32 65 83
2 32 69 86
2 32 73 88
2 32 77 91
2 32 81 95
2 32 85 98
2 32 89 101
2 32 93 106
2 32 97 109
2 32 101 111
2 32 105 116
2 32 109 119
2 32 113 122
2 32 117 125
2 32 121 128
2 32 125 133
3 1 1 47
3 1 5 49
3 1 9 49
3 1 13 52
3 1 17 47
3 1 21 47
3 1 25 48
3 1 29 48
3 1 33 49
3 1 37 48
3 1 41 48
3 1 45 49
3 1 49 47
3 1 53 48
3 1 57 49
3 1 61 48
3 1 65 50
3 1 69 50
3 1 73 49
3 1 77 49
3 1 81 49
3 1 85 50
3 1 89 50
3 1 93 49
3 1 97 50
3 1 101 50
3 1 105 51
3 1 109 49
3 1 113 51
3 1 117 50
3 1 121 53
3 1 125 53
3 2 1 48
3 2 5 48
3 2 9 47
3 2 13 47
3 2 17 48
3 2 21 47
3 2 25 48
3 2 29 51
3 2 33 49
3 2 37 51
3 2 41 50
3 2 45 49
3 2 49 51
3 2 53 50
3 2 57 51
3 2 61 51
3 2 65 52
3 2 69 52
3 2 73 51
3 2 77 52
3 2 81 51
3 2 85 52
3 2 89 53
3 2 93 55
3 2 97 54
3 2 101 53
3 2 105 54
3 2 109 56
3 2 113 54
3 2 117 55
3 2 121 55
3 2 125 56
3 3 1 49
3 3 5 50
3 3 9 47
3 3 13 48
3 3 17 47
3 3 21 49
3 3 25 50
3 3 29 50
3 3 33 51
3 3 37 50
3 3 41 52
3 3 45 51
3 3 49 52
3 3 53 51
3 3 57 54
3 3 61 53
3 3 65 53
3 3 69 54
3 3 73 54
3 3 77 55
3 3 81 56
3 3 85 56
3 3 89 57
3 3 93 59
3 3 97 58
3 3 101 60
3 3 105 58
3 3 109 60
3 3 113 59
3 3 117 59
3 3 121 60
3 3 125 61
3 4 1 50
3 4 5 47
3 4 9 48
3 4 13 50
3 4 17 49
3 4 21 49
3 4 25 50
3 4 29 50
3 4 33 51
3 4 37 52
3 4 41 52
3 4 45 53
3 4 49 52
3 4 53 54
3 4 57 54
3 4 61 55
3 4 65 58
3 4 69 58
3 4 73 58
3 4 77 59
3 4 81 58
3 4 85 59
3 4 89 59
3 4 93 60
3 4 97 61
3 4 101 61
3 4 105 61
3 4 109 62
3 4 113 63
3 4 117 64
3 4 121 63
3 4 125 65
3 5 1 50
3 5 5 46
3 5 9 49
3 5 13 48
3 5 17 49
3 5 21 49
3 5 25 51
3 5 29 52
3 5 33 52
3 5 37 53
3 5 41 53
3 5 45 54
3 5 49 57
3 5 53 57
3 5 57 58
3 5 61 59
3 5 65 59
3 5 69 59
3 5 73 60
3 5 77 61
3 5 81 60
3 5 85 61
3 5 89 61
3 5 93 62
3 5 97 64
3 5 101 65
3 5 105 65
3 5 109 68
3 5 113 66
3 5 117 68
3 5 121 68
3 5 125 69
3 6 1 49
3 6 5 48
3 6 9 48
3 6 13 51
3 6 17 49
3 6 21 52
3 6 25 52
3 6 29 53
3 6 33 55
3 6 37 54
3 6 41 56
3 6 45 58
3 6 49 59
3 6 53 58
3 6 57 59
3 6 61 61
3 6 65 61
3 6 69 60
3 6 73 62
3 6 77 62
3 6 81 66
3 6 85 63
3 6 89 65
3 6 93 67
3 6 97 68
3 6 101 72
3 6 105 71
3 6 109 71
3 6 113 72
3 6 117 73
3 6 121 73
3 6 125 75
3 7 1 49
3 7 5 48
3 7 9 49
3 7 13 51
3 7 17 51
3 7 21 51
3 7 25 52
3 7 29 54
3 7 33 56
3 7 37 57
3 7 41 59
3 7 45 60
3 7 49 59
3 7 53 62
3 7 57 60
3 7 61 61
3 7 65 63
3 7 69 63
3 7 73 64
3 7 77 66
3 7 81 67
3 7 85 71
3 7 89 69
3 7 93 71
3 7 97 74
3 7 101 73
3 7 105 84
3 7 109 76
3 7 113 76
3 7 117 80
3 7 121 78
3 7 125 82
3 8 1 49
3 8 5 48
3 8 9 49
3 8 13 50
3 8 17 52
3 8 21 51
3 8 25 53
3 8 29 55
3 8 33 59
3 8 37 60
3 8 41 61
3 8 45 59
3 8 49 63
3 8 53 62
3 8 57 63
3 8 61 63
3 8 65 65
3 8 69 67
3 8 73 69
3 8 77 70
3 8 81 71
3 8 85 71
3 8 89 73
3 8 93 74
3 8 97 75
3 8 101 79
3 8 105 77
3 8 109 84
3 8 113 81
3 8 117 83
3 8 121 82
3 8 125 84
3 9 1 50
3 9 5 48
3 9 9 49
3 9 13 51
3 9 17 51
3 9 21 54
3 9 25 55
3 9 29 58
3 9 33 59
3 9 37 59
3 9 41 60
3 9 45 61
3 9 49 61
3 9 53 63
3 9 57 64
3 9 61 65
3 9 65 68
3 9 69 71
3 9 73 72
3 9 77 72
3 9 81 74
3 9 85 74
3 9 89 76
3 9 93 78
3 9 97 79
3 9 101 81
3 9 105 83
3 9 109 87
3 9 113 85
3 9 117 86
3 9 121 88
3 9 125 89
3 10 1 49
3 10 5 48
3 10 9 51
3 10 13 51
3 10 17 52
3 10 21 53
3 10 25 55
3 10 29 57
3 10 33 59
3 10 37 61
3 10 41 61
3 10 45 62
3 10 49 63
3 10 53 68
3 10 57 68
3 10 61 69
3 10 65 71
3 10 69 72
3 10 73 74
3 10 77 75
3 10 81 76
3 10 85 78
3 10 89 79
3 10 93 83
3 10 97 84
3 10 101 85
3 10 105 87
3 10 109 88
3 10 113 94
3 10 117 92
3 10 121 93
3 10 125 93
3 11 1 49
3 11 5 47
3 11 9 50
3 11 13 51
3 11 17 52
3 11 21 53
3 11 25 57
3 11 29 58
3 11 33 62
3 11 37 61
3 11 41 63
3 11 45 64
3 11 49 66
3 11 53 67
3 11 57 71
3 11 61 70
3 11 65 73
3 11 69 76
3 11 73 77
3 11 77 78
3 11 81 80
3 11 85 81
3 11 89 84
3 11 93 85
3 11 97 88
3 11 101 91
3 11 105 89
3 11 109 92
3 11 113 93
3 11 117 99
3 11 121 96
3 11 125 100
3 12 1 49
3 12 5 48
3 12 9 50
3 12 13 52
3 12 17 53
3 12 21 55
3 12 25 57
3 12 29 59
3 12 33 61
3 12 37 63
3 12 41 64
3 12 45 67
3 12 49 68
3 12 53 70
3 12 57 71
3 12 61 73
3 12 65 78
3 12 69 86
3 12 73 81
3 12 77 83
3 12 81 85
3 12 85 85
3 12 89 88
3 12 93 90
3 12 97 92
3 12 101 93
3 12 105 94
3 12 109 94
3 12 113 101
3 12 117 101
3 12 121 105
3 12 125 105
3 13 1 50
3 13 5 50
3 13 9 51
3 13 13 52
3 13 17 55
3 13 21 57
3 13 25 59
3 13 29 59
3 13 33 62
3 13 37 65
3 13 41 66
3 13 45 71
3 13 49 70
3 13 53 73
3 13 57 74
3 13 61 81
3 13 65 79
3 13 69 82
3 13 73 83
3 13 77 86
3 13 81 86
3 13 85 90
3 13 89 90
3 13 93 92
3 13 97 96
3 13 101 98
3 13 105 108
3 13 109 103
3 13 113 104
3 13 117 110
3 13 121 110
3 13 125 111
3 14 1 55
3 14 5 50
3 14 9 51
3 14 13 53
3 14 17 57
3 14 21 58
3 14 25 62
3 14 29 61
3 14 33 63
3 14 37 67
3 14 41 67
3 14 45 70
3 14 49 75
3 14 53 73
3 14 57 77
3 14 61 79
3 14 65 82
3 14 69 84
3 14 73 87
3 14 77 88
3 14 81 90
3 14 85 90
3 14 89 97
3 14 93 96
3 14 97 101
3 14 101 106
3 14 105 105
3 14 109 110
3 14 113 109
3 14 117 112
3 14 121 113
3 14 125 116
3 15 1 53
3 15 5 49
3 15 9 51
3 15 13 53
3 15 17 56
3 15 21 61
3 15 25 60
3 15 29 65
3 15 33 66
3 15 37 68
3 15 41 71
3 15 45 73
3 15 49 77
3 15 53 77
3 15 57 78
3 15 61 83
3 15 65 85
3 15 69 90
3 15 73 92
3 15 77 91
3 15 81 92
3 15 85 98
3 15 89 97
3 15 93 101
3 15 97 105
3 15 101 106
3 15 105 110
3 15 109 111
3 15 113 122
3 15 117 116
3 15 121 119
3 15 125 121
3 16 1 51
3 16 5 51
3 16 9 52
3 16 13 53
3 16 17 60
3 16 21 59
3 16 25 62
3 16 29 62
3 16 33 65
3 16 37 69
3 16 41 72
3 16 45 73
3 16 49 76
3 16 53 79
3 16 57 83
3 16 61 84
3 16 65 87
3 16 69 89
3 16 73 91
3 16 77 94
3 16 81 96
3 16 85 101
3 16 89 102
3 16 93 106
3 16 97 109
3 16 101 112
3 16 105 115
3 16 109 116
3 16 113 119
3 16 117 126
3 16 121 124
3 16 125 130
3 17 1 48
3 17 5 52
3 17 9 54
3 17 13 55
3 17 17 59
3 17 21 61
3 17 25 63
3 17 29 64
3 17 33 66
3 17 37 72
3 17 41 74
3 17 45 75
3 17 49 79
3 17 53 80
3 17 57 85
3 17 61 85
3 17 65 89
3 17 69 91
3 17 73 93
3 17 77 95
3 17 81 104
3 17 85 106
3 17 89 108
3 17 93 108
3 17 97 112
3 17 101 117
3 17 105 118
3 17 109 120
3 17 113 124
3 17 117 126
3 17 121 129
3 17 125 130
3 18 1 50
3 18 5 51
3 18 9 53
3 18 13 56
3 18 17 59
3 18 21 64
3 18 25 63
3 18 29 66
3 18 33 70
3 18 37 72
3 18 41 77
3 18 45 77
3 18 49 80
3 18 53 84
3 18 57 86
3 18 61 89
3 18 65 89
3 18 69 93
3 18 73 97
3 18 77 101
3 18 81 105
3 18 85 108
3 18 89 110
3 18 93 114
3 18 97 116
3 18 101 119
3 18 105 123
3 18 109 124
3 18 113 128
3 18 117 130
3 18 121 140
3 18 125 136
3 19 1 49
3 19 5 52
3 19 9 54
3 19 13 56
3 19 17 60
3 19 21 60
3 19 25 64
3 19 29 65
3 19 33 71
3 19 37 74
3 19 41 75
3 19 45 80
3 19 49 83
3 19 53 85
3 19 57 89
3 19 61 90
3 19 65 94
3 19 69 97
3 19 73 108
3 19 77 105
3 19 81 108
3 19 85 111
3 19 89 113
3 19 93 118
3 19 97 120
3 19 101 123
3 19 105 127
3 19 109 132
3 19 113 133
3 19 117 136
3 19 121 137
3 19 125 140
3 20 1 47
3 20 5 51
3 20 9 54
3 20 13 58
3 20 17 59
3 20 21 62
3 20 25 63
3 20 29 69
3 20 33 73
3 20 37 77
3 20 41 78
3 20 45 83
3 20 49 85
3 20 53 87
3 20 57 91
3 20 61 92
3 20 65 96
3 20 69 102
3 20 73 104
3 20 77 107
3 20 81 111
3 20 85 118
3 20 89 119
3 20 93 120
3 20 97 124
3 20 101 130
3 20 105 131
3 20 109 133
3 20 113 137
3 20 117 140
3 20 121 142
3 20 125 145
3 21 1 47
3 21 5 51
3 21 9 53
3 21 13 58
3 21 17 61
3 21 21 62
3 21 25 65
3 21 29 69
3 21 33 73
3 21 37 75
3 21 41 79
3 21 45 83
3 21 49 86
3 21 53 90
3 21 57 91
3 21 61 95
3 21 65 100
3 21 69 106
3 21 73 109
3 21 77 111
3 21 81 114
3 21 85 120
3 21 89 120
3 21 93 125
3 21 97 127
3 21 101 133
3 21 105 134
3 21 109 138
3 21 113 143
3 21 117 145
3 21 121 148
3 21 125 153
3 22 1 47
3 22 5 51
3 22 9 53
3 22 13 58
3 22 17 63
3 22 21 62
3 22 25 67
3 22 29 70
3 22 33 73
3 22 37 77
3 22 41 81
3 22 45 89
3 22 49 89
3 22 53 90
3 22 57 96
3 22 61 97
3 22 65 103
3 22 69 108
3 22 73 110
3 22 77 118
3 22 81 118
3 22 85 121
3 22 89 124
3 22 93 128
3 22 97 131
3 22 101 135
3 22 105 139
3 22 109 141
3 22 113 144
3 22 117 157
3 22 121 152
3 22 125 156
3 23 1 46
3 23 5 56
3 23 9 54
3 23 13 60
3 23 17 60
3 23 21 64
3 23 25 66
3 23 29 73
3 23 33 74
3 23 37 78
3 23 41 84
3 23 45 88
3 23 49 90
3 23 53 92
3 23 57 96
3 23 61 102
3 23 65 105
3 23 69 110
3 23 73 114
3 23 77 119
3 23 81 122
3 23 85 125
3 23 89 128
3 23 93 131
3 23 97 138
3 23 101 141
3 23 105 144
3 23 109 146
3 23 113 151
3 23 117 155
3 23 121 159
3 23 125 162
3 24 1 48
3 24 5 51
3 24 9 53
3 24 13 60
3 24 17 61
3 24 21 64
3 24 25 69
3 24 29 73
3 24 33 75
3 24 37 79
3 24 41 84
3 24 45 89
3 24 49 90
3 24 53 94
3 24 57 100
3 24 61 105
3 24 65 108
3 24 69 112
3 24 73 119
3 24 77 120
3 24 81 124
3 24 85 131
3 24 89 131
3 24 93 136
3 24 97 138
3 24 101 143
3 24 105 147
3 24 109 151
3 24 113 156
3 24 117 160
3 24 121 165
3 24 125 169
3 25 1 47
3 25 5 51
3 25 9 55
3 25 13 59
3 25 17 63
3 25 21 65
3 25 25 70
3 25 29 73
3 25 33 77
3 25 37 83
3 25 41 86
3 25 45 90
3 25 49 93
3 25 53 97
3 25 57 105
3 25 61 106
3 25 65 111
3 25 69 116
3 25 73 120
3 25 77 132
3 25 81 127
3 25 85 132
3 25 89 135
3 25 93 138
3 25 97 143
3 25 101 147
3 25 105 151
3 25 109 157
3 25 113 162
3 25 117 165
3 25 121 169
3 25 125 175
3 26 1 46
3 26 5 51
3 26 9 54
3 26 13 59
3 26 17 62
3 26 21 68
3 26 25 71
3 26 29 77
3 26 33 79
3 26 37 87
3 26 41 87
3 26 45 93
3 26 49 94
3 26 53 102
3 26 57 111
3 26 61 109
3 26 65 113
3 26 69 118
3 26 73 123
3 26 77 129
3 26 81 130
3 26 85 141
3 26 89 139
3 26 93 142
3 26 97 146
3 26 101 151
3 26 105 157
3 26 109 162
3 26 113 166
3 26 117 169
3 26 121 177
3 26 125 177
3 27 1 49
3 27 5 51
3 27 9 55
3 27 13 60
3 27 17 62
3 27 21 67
3 27 25 72
3 27 29 78
3 27 33 79
3 27 37 84
3 27 41 90
3 27 45 91
3 27 49 96
3 27 53 104
3 27 57 107
3 27 61 115
3 27 65 117
3 27 69 120
3 27 73 125
3 27 77 130
3 27 81 133
3 27 85 138
3 27 89 141
3 27 93 149
3 27 97 150
3 27 101 156
3 27 105 163
3 27 109 169
3 27 113 172
3 27 117 176
3 27 121 177
3 27 125 184
3 28 1 48
3 28 5 52
3 28 9 57
3 28 13 60
3 28 17 63
3 28 21 68
3 28 25 73
3 28 29 75
3 28 33 82
3 28 37 87
3 28 41 90
3 28 45 94
3 28 49 103
3 28 53 105
3 28 57 113
3 28 61 114
3 28 65 119
3 28 69 123
3 28 73 127
3 28 77 133
3 28 81 138
3 28 85 141
3 28 89 146
3 28 93 150
3 28 97 163
3 28 101 162
3 28 105 166
3 28 109 170
3 28 113 177
3 28 117 182
3 28 121 184
3 28 125 189
3 29 1 47
3 29 5 51
3 29 9 59
3 29 13 60
3 29 17 63
3 29 21 69
3 29 25 74
3 29 29 81
3 29 33 82
3 29 37 87
3 29 41 94
3 29 45 95
3 29 49 103
3 29 53 108
3 29 57 112
3 29 61 122
3 29 65 121
3 29 69 126
3 29 73 130
3 29 77 135
3 29 81 141
3 29 85 146
3 29 89 152
3 29 93 155
3 29 97 160
3 29 101 167
3 29 105 170
3 29 109 176
3 29 113 180
3 29 117 187
3 29 121 195
3 29 125 194
3 30 1 49
3 30 5 51
3 30 9 58
3 30 13 63
3 30 17 65
3 30 21 70
3 30 25 78
3 30 29 78
3 30 33 86
3 30 37 89
3 30 41 93
3 30 45 101
3 30 49 106
3 30 53 110
3 30 57 115
3 30 61 120
3 30 65 125
3 30 69 129
3 30 73 134
3 30 77 138
3 30 81 143
3 30 85 148
3 30 89 158
3 30 93 159
3 30 97 164
3 30 101 169
3 30 105 175
3 30 109 178
3 30 113 186
3 30 117 188
3 30 121 193
3 30 125 201
3 31 1 47
3 31 5 52
3 31 9 58
3 31 13 62
3 31 17 67
3 31 21 72
3 31 25 76
3 31 29 81
3 31 33 86
3 31 37 91
3 31 41 94
3 31 45 105
3 31 49 108
3 31 53 112
3 31 57 118
3 31 61 121
3 31 65 127
3 31 69 131
3 31 73 136
3 31 77 141
3 31 81 147
3 31 85 152
3 31 89 158
3 31 93 163
3 31 97 169
3 31 101 173
3 31 105 178
3 31 109 188
3 31 113 193
3 31 117 194
3 31 121 201
3 31 125 204
3 32 1 48
3 32 5 51
3 32 9 58
3 32 13 62
3 32 17 66
3 32 21 72
3 32 25 76
3 32 29 82
3 32 33 88
3 32 37 92
3 32 41 97
3 32 45 104
3 32 49 109
3 32 53 115
3 32 57 119
3 32 61 125
3 32 65 129
3 32 69 135
3 32 73 140
3 32 77 144
3 32 81 150
3 32 85 156
3 32 89 162
3 32 93 168
3 32 97 173
3 32 101 176
3 32 105 182
3 32 109 187
3 32 113 194
3 32 117 197
3 32 121 203
3 32 125 206
